Date,Open,High,Low,Close,Adj Close,Volume
2017-12-05,0.330000,0.330000,0.320000,0.320000,0.320000,997500
2017-12-06,0.320000,0.330000,0.310000,0.320000,0.320000,931600
2017-12-07,0.320000,0.330000,0.290000,0.300000,0.300000,2201000
2017-12-08,0.310000,0.310000,0.280000,0.300000,0.300000,949600
2017-12-11,0.300000,0.300000,0.280000,0.290000,0.290000,1049000
2017-12-12,0.290000,0.300000,0.250000,0.270000,0.270000,1392800
2017-12-13,0.280000,0.350000,0.260000,0.340000,0.340000,4267700
2017-12-14,0.340000,0.340000,0.300000,0.300000,0.300000,2115000
2017-12-15,0.300000,0.320000,0.290000,0.310000,0.310000,1611600
2017-12-18,0.310000,0.400000,0.310000,0.390000,0.390000,16770000
2017-12-19,0.410000,0.430000,0.340000,0.370000,0.370000,9842600
2017-12-20,0.350000,0.360000,0.310000,0.320000,0.320000,2957700
2017-12-21,0.320000,0.340000,0.310000,0.320000,0.320000,1682600
2017-12-22,0.310000,0.330000,0.290000,0.320000,0.320000,1225600
2017-12-26,0.320000,0.320000,0.300000,0.310000,0.310000,1101800
2017-12-27,0.320000,0.320000,0.300000,0.310000,0.310000,1248800
2017-12-28,0.310000,0.310000,0.300000,0.300000,0.300000,1623400
2017-12-29,0.300000,0.310000,0.290000,0.310000,0.310000,2145400
2018-01-02,0.330000,0.390000,0.330000,0.360000,0.360000,7199000
2018-01-03,0.350000,0.360000,0.330000,0.350000,0.350000,1717100
2018-01-04,0.350000,0.370000,0.350000,0.360000,0.360000,1265200
2018-01-05,0.370000,0.370000,0.340000,0.350000,0.350000,1319600
2018-01-08,0.350000,0.370000,0.330000,0.370000,0.370000,3129100
2018-01-09,0.380000,0.380000,0.340000,0.350000,0.350000,1306300
2018-01-10,0.370000,0.370000,0.330000,0.340000,0.340000,1069800
2018-01-11,0.330000,0.380000,0.320000,0.360000,0.360000,4699600
2018-01-12,0.360000,0.360000,0.340000,0.340000,0.340000,1336000
2018-01-16,0.340000,0.370000,0.340000,0.350000,0.350000,3578000
2018-01-17,0.350000,0.350000,0.330000,0.330000,0.330000,1962500
2018-01-18,0.330000,0.330000,0.300000,0.310000,0.310000,3411300
2018-01-19,0.310000,0.330000,0.300000,0.310000,0.310000,5355400
2018-01-22,0.320000,0.330000,0.310000,0.330000,0.330000,2065000
2018-01-23,0.330000,0.370000,0.320000,0.350000,0.350000,8596800
2018-01-24,0.350000,0.400000,0.330000,0.360000,0.360000,9685600
2018-01-25,0.360000,0.360000,0.320000,0.320000,0.320000,3662300
2018-01-26,0.320000,0.340000,0.320000,0.330000,0.330000,1884900
2018-01-29,0.340000,0.340000,0.310000,0.320000,0.320000,1859600
2018-01-30,0.320000,0.320000,0.310000,0.310000,0.310000,1061300
2018-01-31,0.310000,0.320000,0.310000,0.310000,0.310000,702300
2018-02-01,0.320000,0.320000,0.310000,0.320000,0.320000,1286100
2018-02-02,0.320000,0.320000,0.290000,0.300000,0.300000,1963200
2018-02-05,0.310000,0.310000,0.280000,0.290000,0.290000,1645400
2018-02-06,0.280000,0.290000,0.260000,0.280000,0.280000,1352500
2018-02-07,0.320000,0.320000,0.280000,0.280000,0.280000,770500
2018-02-08,0.300000,0.300000,0.280000,0.290000,0.290000,930300
2018-02-09,0.280000,0.300000,0.280000,0.280000,0.280000,782900
2018-02-12,0.290000,0.300000,0.280000,0.280000,0.280000,621700
2018-02-13,0.280000,0.290000,0.280000,0.280000,0.280000,999300
2018-02-14,0.290000,0.300000,0.280000,0.290000,0.290000,984000
2018-02-15,0.290000,0.290000,0.290000,0.290000,0.290000,840600
2018-02-16,0.290000,0.290000,0.280000,0.280000,0.280000,631000
2018-02-20,0.280000,0.290000,0.280000,0.280000,0.280000,563900
2018-02-21,0.280000,0.320000,0.280000,0.310000,0.310000,1717500
2018-02-22,0.310000,0.340000,0.310000,0.330000,0.330000,2355500
2018-02-23,0.340000,0.340000,0.290000,0.310000,0.310000,1184500
2018-02-26,0.320000,0.320000,0.290000,0.300000,0.300000,611400
2018-02-27,0.300000,0.310000,0.300000,0.300000,0.300000,488100
2018-02-28,0.300000,0.310000,0.290000,0.300000,0.300000,862800
2018-03-01,0.300000,0.300000,0.280000,0.290000,0.290000,369400
2018-03-02,0.300000,0.300000,0.280000,0.290000,0.290000,630300
2018-03-05,0.290000,0.300000,0.290000,0.290000,0.290000,704000
2018-03-06,0.290000,0.290000,0.280000,0.280000,0.280000,437200
2018-03-07,0.290000,0.290000,0.280000,0.280000,0.280000,941000
2018-03-08,0.280000,0.280000,0.260000,0.260000,0.260000,1532500
2018-03-09,0.270000,0.280000,0.260000,0.270000,0.270000,3034300
2018-03-12,0.290000,0.290000,0.280000,0.280000,0.280000,2451900
2018-03-13,0.280000,0.280000,0.260000,0.270000,0.270000,2191700
2018-03-14,0.270000,0.270000,0.250000,0.260000,0.260000,1605200
2018-03-15,0.270000,0.270000,0.260000,0.260000,0.260000,728000
2018-03-16,0.260000,0.280000,0.250000,0.280000,0.280000,1230200
2018-03-19,0.280000,0.280000,0.260000,0.270000,0.270000,758000
2018-03-20,0.270000,0.280000,0.250000,0.270000,0.270000,2299900
2018-03-21,0.280000,0.280000,0.260000,0.270000,0.270000,580100
2018-03-22,0.270000,0.270000,0.250000,0.270000,0.270000,719700
2018-03-23,0.260000,0.260000,0.230000,0.250000,0.250000,1012800
2018-03-26,0.260000,0.260000,0.250000,0.260000,0.260000,740100
2018-03-27,0.270000,0.290000,0.250000,0.280000,0.280000,2228000
2018-03-28,0.280000,0.280000,0.230000,0.240000,0.240000,2577600
2018-03-29,0.240000,0.240000,0.210000,0.230000,0.230000,1860600
2018-04-02,0.230000,0.240000,0.220000,0.230000,0.230000,878000
2018-04-03,0.240000,0.240000,0.220000,0.220000,0.220000,697500
2018-04-04,0.220000,0.240000,0.210000,0.230000,0.230000,639500
2018-04-05,0.220000,0.240000,0.220000,0.230000,0.230000,472900
2018-04-06,0.230000,0.240000,0.230000,0.230000,0.230000,216400
2018-04-09,0.230000,0.240000,0.230000,0.230000,0.230000,349800
2018-04-10,0.230000,0.230000,0.220000,0.230000,0.230000,639600
2018-04-11,0.230000,0.230000,0.230000,0.230000,0.230000,241700
2018-04-12,0.230000,0.260000,0.230000,0.250000,0.250000,1193900
2018-04-13,0.260000,0.260000,0.240000,0.250000,0.250000,311200
2018-04-16,0.240000,0.250000,0.240000,0.250000,0.250000,1096800
2018-04-17,0.190000,0.190000,0.180000,0.180000,0.180000,4265600
2018-04-18,0.190000,0.190000,0.170000,0.180000,0.180000,1942500
2018-04-19,0.180000,0.180000,0.170000,0.170000,0.170000,1529200
2018-04-20,0.170000,0.170000,0.160000,0.160000,0.160000,2662900
2018-04-23,0.170000,0.170000,0.140000,0.150000,0.150000,2578700
2018-04-24,0.150000,0.150000,0.140000,0.150000,0.150000,1878600
2018-04-25,0.150000,0.150000,0.140000,0.150000,0.150000,1142300
2018-04-26,0.150000,0.190000,0.140000,0.170000,0.170000,5883100
2018-04-27,0.170000,0.180000,0.150000,0.160000,0.160000,2469700
2018-04-30,0.160000,0.170000,0.150000,0.160000,0.160000,1321400
2018-05-01,0.160000,0.160000,0.160000,0.160000,0.160000,525100
2018-05-02,0.160000,0.170000,0.160000,0.160000,0.160000,683300
2018-05-03,0.170000,0.170000,0.160000,0.160000,0.160000,687500
2018-05-04,0.160000,0.160000,0.150000,0.150000,0.150000,835300
2018-05-07,0.160000,0.160000,0.140000,0.150000,0.150000,401300
2018-05-08,0.150000,0.160000,0.150000,0.150000,0.150000,312500
2018-05-09,0.150000,0.160000,0.150000,0.160000,0.160000,525900
2018-05-10,0.160000,0.160000,0.150000,0.160000,0.160000,355300
2018-05-11,0.160000,0.160000,0.160000,0.160000,0.160000,464200
2018-05-14,0.170000,0.180000,0.160000,0.170000,0.170000,1201000
2018-05-15,0.180000,0.190000,0.170000,0.190000,0.190000,2588300
2018-05-16,0.140000,0.160000,0.140000,0.160000,0.160000,1847700
2018-05-17,0.150000,0.160000,0.150000,0.150000,0.150000,1622600
2018-05-18,0.150000,0.150000,0.140000,0.150000,0.150000,1516800
2018-05-21,0.150000,0.160000,0.140000,0.150000,0.150000,1753400
2018-05-22,0.160000,0.160000,0.150000,0.150000,0.150000,672300
2018-05-23,0.160000,0.160000,0.150000,0.150000,0.150000,495200
2018-05-24,0.160000,0.160000,0.150000,0.150000,0.150000,591900
2018-05-25,0.150000,0.150000,0.150000,0.150000,0.150000,529800
2018-05-29,0.150000,0.150000,0.150000,0.150000,0.150000,367000
2018-05-30,0.150000,0.150000,0.150000,0.150000,0.150000,798600
2018-05-31,0.160000,0.190000,0.150000,0.180000,0.180000,9146500
2018-06-01,0.190000,0.300000,0.190000,0.230000,0.230000,26604000
2018-06-04,0.250000,0.250000,0.200000,0.200000,0.200000,5796800
2018-06-05,0.200000,0.230000,0.200000,0.220000,0.220000,2664600
2018-06-06,0.240000,0.240000,0.220000,0.230000,0.230000,3218100
2018-06-07,0.210000,0.220000,0.200000,0.210000,0.210000,1884400
2018-06-08,0.200000,0.220000,0.200000,0.210000,0.210000,1370000
2018-06-11,0.220000,0.220000,0.210000,0.210000,0.210000,664200
2018-06-12,0.210000,0.230000,0.200000,0.220000,0.220000,4765900
2018-06-13,0.230000,0.230000,0.210000,0.210000,0.210000,990500
2018-06-14,0.220000,0.220000,0.200000,0.200000,0.200000,1389200
2018-06-15,0.200000,0.210000,0.200000,0.200000,0.200000,1563700
2018-06-18,0.200000,0.210000,0.190000,0.200000,0.200000,1558000
2018-06-19,0.190000,0.200000,0.190000,0.190000,0.190000,1716200
2018-06-20,0.190000,0.200000,0.190000,0.190000,0.190000,1857500
2018-06-21,0.190000,0.190000,0.180000,0.180000,0.180000,1320300
2018-06-22,0.180000,0.180000,0.180000,0.180000,0.180000,963900
2018-06-25,0.180000,0.190000,0.170000,0.170000,0.170000,899700
2018-06-26,0.170000,0.170000,0.160000,0.170000,0.170000,1115900
2018-06-27,0.170000,0.180000,0.170000,0.170000,0.170000,1739100
2018-06-28,0.170000,0.170000,0.160000,0.170000,0.170000,961000
2018-06-29,0.180000,0.200000,0.170000,0.180000,0.180000,5609700
2018-07-02,0.180000,0.180000,0.170000,0.170000,0.170000,1624300
2018-07-03,0.170000,0.170000,0.160000,0.170000,0.170000,777000
2018-07-05,0.160000,0.170000,0.160000,0.160000,0.160000,1696600
2018-07-06,0.160000,0.160000,0.140000,0.160000,0.160000,1402400
2018-07-09,0.160000,0.170000,0.150000,0.150000,0.150000,1235300
2018-07-10,0.150000,0.160000,0.150000,0.150000,0.150000,794800
2018-07-11,0.160000,0.160000,0.150000,0.160000,0.160000,696500
2018-07-12,0.160000,0.160000,0.150000,0.150000,0.150000,725500
2018-07-13,0.160000,0.160000,0.150000,0.150000,0.150000,1094000
2018-07-16,0.150000,0.150000,0.140000,0.150000,0.150000,1012000
2018-07-17,0.140000,0.150000,0.140000,0.140000,0.140000,1671600
2018-07-18,0.140000,0.140000,0.130000,0.140000,0.140000,1479900
2018-07-19,0.140000,0.140000,0.140000,0.140000,0.140000,882100
2018-07-20,0.140000,0.140000,0.140000,0.140000,0.140000,909300
2018-07-23,0.140000,0.150000,0.140000,0.150000,0.150000,1692700
2018-07-24,0.150000,0.170000,0.150000,0.160000,0.160000,3160900
2018-07-25,0.170000,0.170000,0.140000,0.150000,0.150000,2004400
2018-07-26,0.150000,0.150000,0.140000,0.150000,0.150000,767300
2018-07-27,0.150000,0.150000,0.140000,0.140000,0.140000,716300
2018-07-30,0.140000,0.150000,0.140000,0.140000,0.140000,704700
2018-07-31,0.140000,0.150000,0.140000,0.140000,0.140000,1529400
2018-08-01,0.130000,0.130000,0.130000,0.130000,0.130000,1908400
2018-08-02,0.130000,0.130000,0.120000,0.120000,0.120000,1312200
2018-08-03,0.130000,0.130000,0.100000,0.110000,0.110000,3462300
2018-08-06,0.120000,0.120000,0.110000,0.110000,0.110000,1841300
2018-08-07,0.120000,0.120000,0.110000,0.110000,0.110000,2470100
2018-08-08,0.120000,0.120000,0.110000,0.110000,0.110000,743600
2018-08-09,0.110000,0.110000,0.100000,0.100000,0.100000,1453800
2018-08-10,0.100000,0.110000,0.100000,0.110000,0.110000,2429300
2018-08-13,0.110000,0.110000,0.100000,0.100000,0.100000,869800
2018-08-14,0.110000,0.110000,0.100000,0.100000,0.100000,829400
2018-08-15,0.100000,0.120000,0.100000,0.110000,0.110000,2266600
2018-08-16,0.110000,0.130000,0.110000,0.120000,0.120000,7007700
2018-08-17,0.130000,0.130000,0.120000,0.120000,0.120000,3408800
2018-08-20,0.130000,0.130000,0.110000,0.120000,0.120000,1624900
2018-08-21,0.120000,0.130000,0.120000,0.120000,0.120000,1603900
2018-08-22,0.130000,0.130000,0.120000,0.120000,0.120000,1069400
2018-08-23,0.120000,0.130000,0.120000,0.120000,0.120000,1160400
2018-08-24,0.120000,0.130000,0.110000,0.120000,0.120000,1767100
2018-08-27,0.120000,0.130000,0.120000,0.120000,0.120000,834600
2018-08-28,0.120000,0.130000,0.120000,0.120000,0.120000,1060600
2018-08-29,0.120000,0.120000,0.120000,0.120000,0.120000,947000
2018-08-30,0.120000,0.120000,0.120000,0.120000,0.120000,778900
2018-08-31,0.120000,0.120000,0.110000,0.120000,0.120000,936000
2018-09-04,0.120000,0.130000,0.120000,0.130000,0.130000,967600
2018-09-05,0.130000,0.140000,0.120000,0.140000,0.140000,5534300
2018-09-06,0.150000,0.170000,0.140000,0.150000,0.150000,11120300
2018-09-07,0.320000,0.400000,0.270000,0.280000,0.280000,54450300
2018-09-10,0.430000,0.760000,0.390000,0.750000,0.750000,99374800
2018-09-11,0.960000,1.100000,0.450000,0.650000,0.650000,128222500
2018-09-12,0.420000,0.430000,0.360000,0.370000,0.370000,42633500
2018-09-13,0.400000,0.400000,0.360000,0.370000,0.370000,13582900
2018-09-14,0.370000,0.380000,0.300000,0.360000,0.360000,13446600
2018-09-17,0.410000,0.540000,0.390000,0.510000,0.510000,58908700
2018-09-18,0.500000,0.550000,0.420000,0.450000,0.450000,31139800
2018-09-19,0.400000,0.450000,0.400000,0.420000,0.420000,16674500
2018-09-20,0.420000,0.480000,0.400000,0.440000,0.440000,13627700
2018-09-21,0.440000,0.650000,0.410000,0.650000,0.650000,26829000
2018-09-24,0.590000,0.810000,0.510000,0.690000,0.690000,39862100
2018-09-25,0.620000,0.730000,0.600000,0.650000,0.650000,15550500
2018-09-26,0.450000,0.650000,0.400000,0.550000,0.550000,40575600
2018-09-27,0.480000,0.540000,0.420000,0.470000,0.470000,12933500
2018-09-28,0.440000,0.460000,0.410000,0.440000,0.440000,5838600
2018-10-01,0.440000,0.520000,0.440000,0.470000,0.470000,6211200
2018-10-02,0.460000,0.490000,0.440000,0.450000,0.450000,3866300
2018-10-03,0.440000,0.460000,0.420000,0.440000,0.440000,2605200
2018-10-04,0.440000,0.460000,0.430000,0.450000,0.450000,1677800
2018-10-05,0.450000,0.510000,0.410000,0.470000,0.470000,1992500
2018-10-08,0.490000,0.490000,0.440000,0.440000,0.440000,1198400
2018-10-09,0.440000,0.460000,0.440000,0.440000,0.440000,1485700
2018-10-10,0.440000,0.450000,0.420000,0.420000,0.420000,1444000
2018-10-11,0.420000,0.440000,0.350000,0.420000,0.420000,2794300
2018-10-12,0.420000,0.440000,0.400000,0.420000,0.420000,1027000
2018-10-15,0.410000,0.420000,0.370000,0.380000,0.380000,1794800
2018-10-16,0.380000,0.400000,0.360000,0.390000,0.390000,1196500
2018-10-17,0.390000,0.410000,0.380000,0.380000,0.380000,799600
2018-10-18,0.380000,0.420000,0.380000,0.400000,0.400000,874900
2018-10-19,0.400000,0.410000,0.380000,0.380000,0.380000,807000
2018-10-22,0.380000,0.390000,0.360000,0.360000,0.360000,998300
2018-10-23,0.360000,0.370000,0.340000,0.350000,0.350000,1103800
2018-10-24,0.350000,0.350000,0.340000,0.340000,0.340000,583300
2018-10-25,0.340000,0.350000,0.310000,0.330000,0.330000,1185800
2018-10-26,0.340000,0.370000,0.310000,0.360000,0.360000,769200
2018-10-29,0.350000,0.350000,0.320000,0.330000,0.330000,411300
2018-10-30,0.330000,0.340000,0.280000,0.300000,0.300000,1313700
2018-10-31,0.300000,0.310000,0.280000,0.290000,0.290000,585900
2018-11-01,0.290000,0.320000,0.270000,0.320000,0.320000,799300
2018-11-02,0.320000,0.330000,0.310000,0.330000,0.330000,644800
2018-11-05,0.330000,0.340000,0.320000,0.330000,0.330000,429700
2018-11-06,0.330000,0.340000,0.330000,0.330000,0.330000,503200
2018-11-07,0.330000,0.460000,0.330000,0.420000,0.420000,2587200
2018-11-08,0.430000,0.480000,0.380000,0.450000,0.450000,1374700
2018-11-09,0.400000,0.400000,0.320000,0.390000,0.390000,1249900
2018-11-12,0.390000,0.400000,0.370000,0.390000,0.390000,420400
2018-11-13,0.390000,0.400000,0.350000,0.370000,0.370000,678800
2018-11-14,0.360000,0.410000,0.350000,0.380000,0.380000,832500
2018-11-15,0.380000,0.450000,0.380000,0.430000,0.430000,1904600
2018-11-16,0.430000,0.450000,0.420000,0.440000,0.440000,805500
2018-11-19,0.450000,0.530000,0.440000,0.480000,0.480000,2269900
2018-11-20,0.490000,0.520000,0.460000,0.500000,0.500000,1722100
2018-11-21,0.490000,0.570000,0.490000,0.560000,0.560000,1649900
2018-11-23,0.590000,0.640000,0.550000,0.590000,0.590000,2049700
2018-11-26,0.600000,0.640000,0.590000,0.610000,0.610000,1408700
2018-11-27,0.630000,0.630000,0.560000,0.570000,0.570000,1415400
2018-11-28,0.570000,0.570000,0.520000,0.530000,0.530000,755000
2018-11-29,0.500000,0.530000,0.460000,0.510000,0.510000,1229500
2018-11-30,0.510000,0.600000,0.510000,0.590000,0.590000,1069700
2018-12-03,0.590000,0.660000,0.590000,0.610000,0.610000,1420500
2018-12-04,0.610000,0.630000,0.540000,0.570000,0.570000,1349000
2018-12-06,0.590000,0.640000,0.540000,0.590000,0.590000,1441400
2018-12-07,0.560000,0.570000,0.420000,0.480000,0.480000,3203800
2018-12-10,0.470000,0.490000,0.430000,0.450000,0.450000,1122600
2018-12-11,0.440000,0.450000,0.400000,0.410000,0.410000,1379600
2018-12-12,0.400000,0.420000,0.370000,0.420000,0.420000,951200
2018-12-13,0.420000,0.470000,0.410000,0.460000,0.460000,590500
2018-12-14,0.460000,0.490000,0.420000,0.430000,0.430000,723100
2018-12-17,0.450000,0.450000,0.400000,0.430000,0.430000,275000
2018-12-18,0.410000,0.440000,0.390000,0.400000,0.400000,591000
2018-12-19,0.410000,0.420000,0.390000,0.410000,0.410000,549300
2018-12-20,0.410000,0.430000,0.390000,0.410000,0.410000,339500
2018-12-21,0.410000,0.440000,0.390000,0.400000,0.400000,635700
2018-12-24,0.390000,0.400000,0.370000,0.390000,0.390000,239800
2018-12-26,0.400000,0.400000,0.360000,0.390000,0.390000,281500
2018-12-27,0.390000,0.400000,0.380000,0.400000,0.400000,360700
2018-12-28,0.380000,0.400000,0.380000,0.380000,0.380000,554400
2018-12-31,0.380000,0.390000,0.360000,0.360000,0.360000,533100
2019-01-02,0.370000,0.390000,0.360000,0.390000,0.390000,269800
2019-01-03,0.380000,0.400000,0.360000,0.380000,0.380000,422000
2019-01-04,0.380000,0.400000,0.370000,0.400000,0.400000,454100
2019-01-07,0.410000,0.430000,0.390000,0.410000,0.410000,446500
2019-01-08,0.420000,0.440000,0.400000,0.430000,0.430000,469400
2019-01-09,0.430000,0.480000,0.420000,0.480000,0.480000,534400
2019-01-10,0.480000,0.490000,0.450000,0.480000,0.480000,405700
2019-01-11,0.480000,0.500000,0.450000,0.450000,0.450000,452500
2019-01-14,0.420000,0.480000,0.410000,0.420000,0.420000,318500
2019-01-15,0.400000,0.420000,0.400000,0.400000,0.400000,288200
2019-01-16,0.400000,0.410000,0.390000,0.410000,0.410000,249800
2019-01-17,0.420000,0.420000,0.400000,0.410000,0.410000,297000
2019-01-18,0.420000,0.440000,0.390000,0.400000,0.400000,329000
2019-01-22,0.390000,0.400000,0.380000,0.380000,0.380000,438800
2019-01-23,0.400000,0.430000,0.390000,0.400000,0.400000,206100
2019-01-24,0.400000,0.410000,0.380000,0.390000,0.390000,254300
2019-01-25,0.380000,0.420000,0.380000,0.400000,0.400000,252900
2019-01-28,0.390000,0.410000,0.390000,0.410000,0.410000,276400
2019-01-29,0.390000,0.410000,0.390000,0.400000,0.400000,196100
2019-01-30,0.390000,0.420000,0.380000,0.400000,0.400000,397900
2019-01-31,0.380000,0.410000,0.380000,0.400000,0.400000,193200
2019-02-01,0.400000,0.420000,0.250000,0.340000,0.340000,1439200
2019-02-04,0.350000,0.370000,0.340000,0.360000,0.360000,953100
2019-02-05,0.370000,0.370000,0.340000,0.350000,0.350000,513700
2019-02-06,0.350000,0.360000,0.340000,0.360000,0.360000,233000
2019-02-07,0.320000,0.350000,0.300000,0.340000,0.340000,752400
2019-02-08,0.300000,0.340000,0.300000,0.340000,0.340000,681700
2019-02-11,0.340000,0.370000,0.320000,0.360000,0.360000,512900
2019-02-12,0.350000,0.370000,0.340000,0.350000,0.350000,287900
2019-02-13,0.370000,0.370000,0.320000,0.360000,0.360000,504200
2019-02-14,0.350000,0.360000,0.330000,0.340000,0.340000,181700
2019-02-15,0.350000,0.360000,0.330000,0.340000,0.340000,355900
2019-02-19,0.420000,0.560000,0.360000,0.490000,0.490000,4624000
2019-02-20,0.550000,0.550000,0.480000,0.480000,0.480000,1480700
2019-02-21,0.500000,0.530000,0.490000,0.520000,0.520000,786800
2019-02-22,0.510000,0.620000,0.500000,0.550000,0.550000,4715700
2019-02-25,0.600000,0.630000,0.570000,0.620000,0.620000,2167700
2019-02-26,0.630000,0.670000,0.610000,0.630000,0.630000,2023300
2019-02-27,0.620000,0.650000,0.550000,0.600000,0.600000,1515600
2019-02-28,0.560000,0.580000,0.490000,0.570000,0.570000,1761900
2019-03-01,0.540000,0.570000,0.510000,0.550000,0.550000,895900
2019-03-04,0.550000,0.590000,0.550000,0.570000,0.570000,563000
2019-03-05,0.590000,0.600000,0.570000,0.590000,0.590000,554500
2019-03-06,0.590000,0.600000,0.550000,0.560000,0.560000,1066600
2019-03-07,0.590000,0.600000,0.530000,0.550000,0.550000,665300
2019-03-08,0.560000,0.560000,0.520000,0.540000,0.540000,723200
2019-03-11,0.550000,0.600000,0.540000,0.590000,0.590000,421800
2019-03-12,0.590000,0.610000,0.560000,0.580000,0.580000,876400
2019-03-13,0.580000,0.580000,0.550000,0.570000,0.570000,259200
2019-03-14,0.570000,0.580000,0.540000,0.540000,0.540000,394800
2019-03-15,0.540000,0.540000,0.490000,0.520000,0.520000,1015900
2019-03-18,0.540000,0.570000,0.530000,0.540000,0.540000,395200
2019-03-19,0.540000,0.560000,0.520000,0.530000,0.530000,347500
2019-03-20,0.540000,0.540000,0.500000,0.510000,0.510000,573800
2019-03-21,0.530000,0.570000,0.490000,0.550000,0.550000,581700
2019-03-22,0.540000,0.560000,0.520000,0.540000,0.540000,257100
2019-03-25,0.530000,0.530000,0.500000,0.500000,0.500000,609000
2019-03-26,0.500000,0.500000,0.490000,0.500000,0.500000,255300
2019-03-27,0.490000,0.520000,0.450000,0.470000,0.470000,509100
2019-03-28,0.450000,0.470000,0.440000,0.470000,0.470000,540000
2019-03-29,0.460000,0.500000,0.460000,0.490000,0.490000,296100
2019-04-01,0.490000,0.500000,0.450000,0.470000,0.470000,253600
2019-04-02,0.460000,0.490000,0.430000,0.450000,0.450000,505800
2019-04-03,0.470000,0.470000,0.410000,0.420000,0.420000,1192400
2019-04-04,0.420000,0.420000,0.380000,0.410000,0.410000,889600
2019-04-05,0.410000,0.410000,0.380000,0.390000,0.390000,578800
2019-04-08,0.400000,0.400000,0.380000,0.380000,0.380000,417100
2019-04-09,0.380000,0.470000,0.380000,0.430000,0.430000,703500
2019-04-10,0.430000,0.450000,0.420000,0.420000,0.420000,138800
2019-04-11,0.420000,0.450000,0.390000,0.420000,0.420000,312100
2019-04-12,0.390000,0.420000,0.390000,0.400000,0.400000,265800
2019-04-15,0.400000,0.410000,0.360000,0.410000,0.410000,874100
2019-04-16,0.400000,0.450000,0.380000,0.420000,0.420000,659600
2019-04-17,0.430000,0.440000,0.400000,0.410000,0.410000,258000
2019-04-18,0.400000,0.420000,0.390000,0.400000,0.400000,383800
2019-04-22,0.420000,0.450000,0.390000,0.410000,0.410000,635000
2019-04-23,0.390000,0.420000,0.390000,0.400000,0.400000,231300
2019-04-24,0.390000,0.410000,0.370000,0.380000,0.380000,443600
2019-04-25,0.390000,0.400000,0.380000,0.390000,0.390000,275300
2019-04-26,0.390000,0.400000,0.360000,0.380000,0.380000,450700
2019-04-29,0.400000,0.400000,0.370000,0.370000,0.370000,314000
2019-04-30,0.360000,0.400000,0.360000,0.370000,0.370000,252900
2019-05-01,0.390000,0.390000,0.370000,0.380000,0.380000,205100
2019-05-02,0.370000,0.390000,0.370000,0.390000,0.390000,195900
2019-05-03,0.390000,0.390000,0.370000,0.380000,0.380000,255400
2019-05-06,0.370000,0.380000,0.370000,0.380000,0.380000,187500
2019-05-07,0.370000,0.380000,0.360000,0.370000,0.370000,228000
2019-05-08,0.370000,0.380000,0.350000,0.370000,0.370000,228100
2019-05-09,0.370000,0.370000,0.350000,0.360000,0.360000,133700
2019-05-10,0.370000,0.370000,0.350000,0.360000,0.360000,253100
2019-05-13,0.360000,0.390000,0.350000,0.390000,0.390000,203700
2019-05-14,0.400000,0.410000,0.360000,0.400000,0.400000,572300
2019-05-15,0.370000,0.380000,0.310000,0.370000,0.370000,820200
2019-05-16,0.360000,0.390000,0.340000,0.350000,0.350000,453100
2019-05-17,0.340000,0.380000,0.340000,0.380000,0.380000,320700
2019-05-20,0.390000,0.390000,0.360000,0.380000,0.380000,83100
2019-05-21,0.380000,0.380000,0.360000,0.370000,0.370000,221500
2019-05-22,0.360000,0.400000,0.350000,0.390000,0.390000,288500
2019-05-23,0.360000,0.390000,0.350000,0.360000,0.360000,306800
2019-05-24,0.350000,0.370000,0.350000,0.360000,0.360000,135800
2019-05-28,0.360000,0.370000,0.350000,0.350000,0.350000,186100
2019-05-29,0.370000,0.380000,0.350000,0.360000,0.360000,80900
2019-05-30,0.350000,0.370000,0.350000,0.360000,0.360000,110500
2019-05-31,0.360000,0.380000,0.320000,0.370000,0.370000,462000
2019-06-03,0.370000,0.380000,0.350000,0.370000,0.370000,183800
2019-06-04,0.380000,0.380000,0.350000,0.360000,0.360000,343100
2019-06-05,0.350000,0.360000,0.330000,0.350000,0.350000,314700
2019-06-06,0.350000,0.350000,0.310000,0.330000,0.330000,647300
2019-06-07,0.320000,0.350000,0.320000,0.340000,0.340000,217800
2019-06-10,0.350000,0.350000,0.330000,0.330000,0.330000,185700
2019-06-11,0.330000,0.340000,0.310000,0.340000,0.340000,267900
2019-06-12,0.330000,0.340000,0.320000,0.330000,0.330000,235100
2019-06-13,0.340000,0.340000,0.320000,0.320000,0.320000,231200
2019-06-14,0.320000,0.320000,0.310000,0.320000,0.320000,249700
2019-06-17,0.320000,0.330000,0.310000,0.330000,0.330000,107900
2019-06-18,0.310000,0.340000,0.310000,0.340000,0.340000,322800
2019-06-19,0.340000,0.340000,0.320000,0.340000,0.340000,156300
2019-06-20,0.330000,0.340000,0.320000,0.330000,0.330000,238600
2019-06-21,0.320000,0.340000,0.320000,0.330000,0.330000,290500
2019-06-24,0.320000,0.340000,0.320000,0.330000,0.330000,225700
2019-06-25,0.320000,0.340000,0.320000,0.330000,0.330000,118800
2019-06-26,0.330000,0.340000,0.320000,0.330000,0.330000,367100
2019-06-27,0.340000,0.340000,0.320000,0.320000,0.320000,245500
2019-06-28,0.330000,0.330000,0.300000,0.320000,0.320000,437100
2019-07-01,0.320000,0.370000,0.310000,0.340000,0.340000,960400
2019-07-02,0.340000,0.370000,0.340000,0.360000,0.360000,554000
2019-07-03,0.370000,0.370000,0.330000,0.340000,0.340000,728900
2019-07-05,0.380000,0.380000,0.310000,0.330000,0.330000,543900
2019-07-08,0.350000,0.350000,0.320000,0.330000,0.330000,164600
2019-07-09,0.350000,0.350000,0.310000,0.310000,0.310000,733300
2019-07-10,0.310000,0.330000,0.290000,0.310000,0.310000,898800
2019-07-11,0.310000,0.330000,0.290000,0.310000,0.310000,550100
2019-07-12,0.340000,0.450000,0.320000,0.430000,0.430000,2626500
2019-07-15,0.450000,0.480000,0.380000,0.380000,0.380000,1797900
2019-07-16,0.380000,0.430000,0.370000,0.390000,0.390000,607100
2019-07-17,0.370000,0.400000,0.340000,0.370000,0.370000,806900
2019-07-18,0.340000,0.360000,0.330000,0.340000,0.340000,535000
2019-07-19,0.340000,0.370000,0.330000,0.330000,0.330000,285400
2019-07-22,0.330000,0.350000,0.330000,0.350000,0.350000,268200
2019-07-23,0.350000,0.360000,0.340000,0.340000,0.340000,190300
2019-07-24,0.340000,0.350000,0.330000,0.350000,0.350000,172900
2019-07-25,0.360000,0.360000,0.330000,0.340000,0.340000,158700
2019-07-26,0.340000,0.350000,0.330000,0.340000,0.340000,161700
2019-07-29,0.320000,0.360000,0.320000,0.360000,0.360000,400200
2019-07-30,0.340000,0.360000,0.330000,0.360000,0.360000,326100
2019-07-31,0.330000,0.370000,0.330000,0.350000,0.350000,185400
2019-08-01,0.370000,0.370000,0.330000,0.350000,0.350000,440600
2019-08-02,0.330000,0.350000,0.320000,0.340000,0.340000,683500
2019-08-05,0.330000,0.350000,0.300000,0.330000,0.330000,786600
2019-08-06,0.330000,0.340000,0.300000,0.330000,0.330000,680000
2019-08-07,0.310000,0.340000,0.300000,0.320000,0.320000,863700
2019-08-08,0.320000,0.330000,0.310000,0.320000,0.320000,499900
2019-08-09,0.310000,0.350000,0.310000,0.320000,0.320000,667200
2019-08-12,0.320000,0.320000,0.300000,0.310000,0.310000,308800
2019-08-13,0.320000,0.330000,0.300000,0.320000,0.320000,252000
2019-08-14,0.310000,0.320000,0.300000,0.310000,0.310000,313100
2019-08-15,0.300000,0.320000,0.300000,0.300000,0.300000,210800
2019-08-16,0.300000,0.300000,0.300000,0.300000,0.300000,0
2019-08-19,0.310000,0.320000,0.260000,0.300000,0.300000,766800
2019-08-20,0.300000,0.310000,0.290000,0.310000,0.310000,216200
2019-08-21,0.310000,0.310000,0.290000,0.300000,0.300000,112500
2019-08-22,0.300000,0.310000,0.290000,0.300000,0.300000,181100
2019-08-23,0.300000,0.300000,0.290000,0.290000,0.290000,102700
2019-08-26,0.300000,0.300000,0.280000,0.300000,0.300000,201000
2019-08-27,0.300000,0.310000,0.290000,0.300000,0.300000,159000
2019-08-28,0.300000,0.310000,0.290000,0.300000,0.300000,139900
2019-08-29,0.300000,0.310000,0.300000,0.300000,0.300000,123600
2019-08-30,0.300000,0.310000,0.290000,0.300000,0.300000,249700
2019-09-03,0.300000,0.320000,0.300000,0.320000,0.320000,233800
2019-09-04,0.320000,0.320000,0.300000,0.300000,0.300000,118500
2019-09-05,0.320000,0.330000,0.300000,0.310000,0.310000,167900
2019-09-06,0.300000,0.310000,0.300000,0.310000,0.310000,174900
2019-09-09,0.310000,0.310000,0.300000,0.300000,0.300000,157200
2019-09-10,0.310000,0.310000,0.300000,0.310000,0.310000,337100
2019-09-11,0.310000,0.310000,0.290000,0.290000,0.290000,627600
2019-09-12,0.310000,0.310000,0.270000,0.270000,0.270000,951300
2019-09-13,0.270000,0.310000,0.270000,0.300000,0.300000,345400
2019-09-16,0.310000,0.310000,0.290000,0.300000,0.300000,336400
2019-09-17,0.300000,0.310000,0.290000,0.300000,0.300000,338200
2019-09-18,0.310000,0.330000,0.290000,0.300000,0.300000,441600
2019-09-19,0.300000,0.300000,0.280000,0.280000,0.280000,671900
2019-09-20,0.280000,0.300000,0.280000,0.290000,0.290000,862700
2019-09-23,0.280000,0.290000,0.270000,0.290000,0.290000,736000
2019-09-24,0.290000,0.300000,0.260000,0.270000,0.270000,900000
2019-09-25,0.270000,0.280000,0.250000,0.280000,0.280000,1192000
2019-09-26,0.280000,0.290000,0.250000,0.280000,0.280000,484500
2019-09-27,0.260000,0.280000,0.260000,0.270000,0.270000,391900
2019-09-30,0.290000,0.290000,0.260000,0.270000,0.270000,208400
2019-10-01,0.270000,0.280000,0.260000,0.270000,0.270000,301400
2019-10-02,0.270000,0.280000,0.260000,0.270000,0.270000,365400
2019-10-03,0.270000,0.290000,0.270000,0.280000,0.280000,442400
2019-10-04,0.280000,0.310000,0.270000,0.310000,0.310000,495500
2019-10-07,0.300000,0.410000,0.300000,0.340000,0.340000,2554200
2019-10-08,0.340000,0.390000,0.330000,0.330000,0.330000,1030900
2019-10-09,0.330000,0.370000,0.310000,0.330000,0.330000,675600
2019-10-10,0.320000,0.340000,0.310000,0.340000,0.340000,776100
2019-10-11,0.320000,0.340000,0.320000,0.340000,0.340000,66300
2019-10-14,0.340000,0.340000,0.320000,0.340000,0.340000,259300
2019-10-15,0.340000,0.340000,0.320000,0.340000,0.340000,301400
2019-10-16,0.330000,0.350000,0.330000,0.350000,0.350000,505400
2019-10-17,0.350000,0.350000,0.340000,0.340000,0.340000,465600
2019-10-18,0.350000,0.350000,0.310000,0.320000,0.320000,1482500
2019-10-21,0.340000,0.360000,0.320000,0.330000,0.330000,1242700
2019-10-22,0.480000,0.640000,0.460000,0.480000,0.480000,12890100
2019-10-23,0.500000,0.510000,0.390000,0.390000,0.390000,3557700
2019-10-24,0.400000,0.420000,0.340000,0.360000,0.360000,3592800
2019-10-25,0.370000,0.380000,0.320000,0.340000,0.340000,3479600
2019-10-28,0.370000,0.370000,0.320000,0.320000,0.320000,2384600
2019-10-29,0.330000,0.410000,0.330000,0.390000,0.390000,2015100
2019-10-30,0.430000,0.470000,0.390000,0.470000,0.470000,2241000
2019-10-31,0.470000,0.540000,0.440000,0.500000,0.500000,2375300
2019-11-01,0.530000,0.540000,0.480000,0.500000,0.500000,3405500
2019-11-04,0.480000,0.480000,0.340000,0.360000,0.360000,5972700
2019-11-05,0.360000,0.370000,0.310000,0.310000,0.310000,4857500
2019-11-06,0.320000,0.340000,0.320000,0.330000,0.330000,2590000
2019-11-07,0.330000,0.370000,0.320000,0.340000,0.340000,1393800
2019-11-08,0.340000,0.350000,0.330000,0.350000,0.350000,427300
2019-11-11,0.350000,0.350000,0.330000,0.340000,0.340000,655600
2019-11-12,0.350000,0.370000,0.340000,0.350000,0.350000,957400
2019-11-13,0.340000,0.360000,0.340000,0.350000,0.350000,711000
2019-11-14,0.350000,0.360000,0.350000,0.350000,0.350000,510100
2019-11-15,0.350000,0.350000,0.340000,0.340000,0.340000,531600
2019-11-18,0.340000,0.350000,0.340000,0.340000,0.340000,696100
2019-11-19,0.340000,0.350000,0.330000,0.340000,0.340000,505700
2019-11-20,0.330000,0.350000,0.330000,0.340000,0.340000,134200
2019-11-21,0.350000,0.350000,0.330000,0.340000,0.340000,315100
2019-11-22,0.340000,0.350000,0.330000,0.340000,0.340000,304400
2019-11-25,0.330000,0.340000,0.320000,0.330000,0.330000,642500
2019-11-26,0.320000,0.340000,0.320000,0.340000,0.340000,85900
2019-11-27,0.340000,0.350000,0.330000,0.350000,0.350000,271600
2019-11-29,0.330000,0.350000,0.330000,0.330000,0.330000,105000
2019-12-02,0.330000,0.340000,0.320000,0.340000,0.340000,433100
2019-12-03,0.330000,0.340000,0.330000,0.330000,0.330000,246700
2019-12-04,0.340000,0.360000,0.330000,0.340000,0.340000,678400
2019-12-05,0.350000,0.350000,0.330000,0.330000,0.330000,433000
2019-12-06,0.330000,0.350000,0.330000,0.340000,0.340000,174600
2019-12-09,0.340000,0.340000,0.330000,0.330000,0.330000,388300
2019-12-10,0.330000,0.340000,0.330000,0.330000,0.330000,154900
2019-12-11,0.330000,0.330000,0.320000,0.330000,0.330000,314900
2019-12-12,0.320000,0.330000,0.310000,0.310000,0.310000,631000
2019-12-13,0.310000,0.320000,0.300000,0.320000,0.320000,657300
2019-12-16,0.320000,0.320000,0.300000,0.300000,0.300000,424900
2019-12-17,0.300000,0.320000,0.300000,0.310000,0.310000,504400
2019-12-18,0.310000,0.320000,0.310000,0.320000,0.320000,305600
2019-12-19,0.300000,0.320000,0.300000,0.310000,0.310000,277100
2019-12-20,0.300000,0.320000,0.300000,0.310000,0.310000,381000
2019-12-23,0.300000,0.320000,0.300000,0.310000,0.310000,470600
2019-12-24,0.300000,0.320000,0.300000,0.320000,0.320000,440800
2019-12-26,0.320000,0.320000,0.310000,0.310000,0.310000,470500
2019-12-27,0.320000,0.320000,0.310000,0.320000,0.320000,259100
2019-12-30,0.310000,0.320000,0.300000,0.300000,0.300000,644600
2019-12-31,0.300000,0.310000,0.290000,0.300000,0.300000,1706000
2020-01-02,0.320000,0.320000,0.300000,0.310000,0.310000,386600
2020-01-03,0.310000,0.320000,0.300000,0.310000,0.310000,341200
2020-01-06,0.310000,0.310000,0.300000,0.300000,0.300000,266200
2020-01-07,0.300000,0.310000,0.300000,0.300000,0.300000,286700
2020-01-08,0.300000,0.310000,0.300000,0.300000,0.300000,247800
2020-01-09,0.300000,0.310000,0.300000,0.300000,0.300000,197300
2020-01-10,0.310000,0.310000,0.290000,0.300000,0.300000,1488100
2020-01-13,0.300000,0.310000,0.290000,0.300000,0.300000,278500
2020-01-14,0.300000,0.310000,0.300000,0.300000,0.300000,253100
2020-01-15,0.310000,0.310000,0.300000,0.310000,0.310000,119500
2020-01-16,0.300000,0.310000,0.300000,0.310000,0.310000,224600
2020-01-17,0.310000,0.310000,0.300000,0.310000,0.310000,232300
2020-01-21,0.310000,0.330000,0.300000,0.320000,0.320000,459600
2020-01-22,0.310000,0.330000,0.310000,0.320000,0.320000,277500
2020-01-23,0.310000,0.330000,0.310000,0.330000,0.330000,367900
2020-01-24,0.340000,0.370000,0.330000,0.350000,0.350000,1303400
2020-01-27,0.360000,0.370000,0.340000,0.360000,0.360000,689200
2020-01-28,0.360000,0.360000,0.340000,0.360000,0.360000,499900
2020-01-29,0.360000,0.360000,0.340000,0.350000,0.350000,365600
2020-01-30,0.350000,0.370000,0.340000,0.370000,0.370000,544300
2020-01-31,0.370000,0.400000,0.360000,0.380000,0.380000,1152000
2020-02-03,0.340000,0.340000,0.300000,0.330000,0.330000,1869800
2020-02-04,0.320000,0.330000,0.310000,0.320000,0.320000,704400
2020-02-05,0.310000,0.330000,0.310000,0.330000,0.330000,294100
2020-02-06,0.330000,0.330000,0.310000,0.320000,0.320000,181200
2020-02-07,0.310000,0.330000,0.310000,0.320000,0.320000,271900
2020-02-10,0.320000,0.320000,0.310000,0.310000,0.310000,200700
2020-02-11,0.310000,0.320000,0.310000,0.320000,0.320000,137300
2020-02-12,0.320000,0.320000,0.320000,0.320000,0.320000,337700
2020-02-13,0.320000,0.320000,0.310000,0.320000,0.320000,677200
2020-02-14,0.310000,0.310000,0.310000,0.310000,0.310000,435800
2020-02-18,0.310000,0.330000,0.310000,0.320000,0.320000,323100
2020-02-19,0.320000,0.330000,0.310000,0.320000,0.320000,328800
2020-02-20,0.310000,0.320000,0.300000,0.320000,0.320000,430000
2020-02-21,0.330000,0.330000,0.310000,0.310000,0.310000,452300
2020-02-24,0.320000,0.320000,0.300000,0.310000,0.310000,226800
2020-02-25,0.310000,0.310000,0.300000,0.300000,0.300000,368700
2020-02-26,0.300000,0.320000,0.300000,0.310000,0.310000,643900
2020-02-27,0.340000,0.340000,0.310000,0.320000,0.320000,348600
2020-02-28,0.310000,0.330000,0.220000,0.320000,0.320000,1432700
2020-03-02,0.320000,0.330000,0.310000,0.320000,0.320000,496100
2020-03-03,0.320000,0.330000,0.310000,0.320000,0.320000,261600
2020-03-04,0.320000,0.330000,0.310000,0.330000,0.330000,469800
2020-03-05,0.330000,0.350000,0.320000,0.330000,0.330000,622700
2020-03-06,0.330000,0.330000,0.310000,0.310000,0.310000,457300
2020-03-09,0.260000,0.310000,0.250000,0.290000,0.290000,929900
2020-03-10,0.300000,0.300000,0.260000,0.280000,0.280000,567400
2020-03-11,0.270000,0.280000,0.260000,0.260000,0.260000,1073900
2020-03-12,0.270000,0.270000,0.230000,0.240000,0.240000,1414900
2020-03-13,0.240000,0.270000,0.230000,0.230000,0.230000,773600
2020-03-16,0.230000,0.240000,0.190000,0.210000,0.210000,1381300
2020-03-17,0.210000,0.240000,0.210000,0.230000,0.230000,1420100
2020-03-18,0.230000,0.230000,0.200000,0.210000,0.210000,390800
2020-03-19,0.210000,0.220000,0.200000,0.210000,0.210000,822300
2020-03-20,0.210000,0.220000,0.210000,0.220000,0.220000,517900
2020-03-23,0.210000,0.230000,0.210000,0.220000,0.220000,321300
2020-03-24,0.210000,0.250000,0.210000,0.240000,0.240000,439700
2020-03-25,0.240000,0.250000,0.230000,0.230000,0.230000,382100
2020-03-26,0.250000,0.250000,0.230000,0.250000,0.250000,334000
2020-03-27,0.250000,0.290000,0.240000,0.280000,0.280000,426500
2020-03-30,0.280000,0.300000,0.270000,0.290000,0.290000,747600
2020-03-31,0.300000,0.300000,0.270000,0.300000,0.300000,767300
2020-04-01,0.300000,0.300000,0.270000,0.280000,0.280000,745700
2020-04-02,0.290000,0.300000,0.280000,0.280000,0.280000,843000
2020-04-03,0.280000,0.320000,0.280000,0.300000,0.300000,1039100
2020-04-06,0.310000,0.350000,0.280000,0.330000,0.330000,1751300
2020-04-07,0.340000,0.350000,0.310000,0.340000,0.340000,1411400
2020-04-08,0.100000,0.190000,0.100000,0.160000,0.160000,9113700
2020-04-09,0.150000,0.170000,0.150000,0.160000,0.160000,1319000
2020-04-13,0.160000,0.170000,0.160000,0.160000,0.160000,799500
2020-04-14,0.160000,0.170000,0.160000,0.160000,0.160000,849700
2020-04-15,0.160000,0.160000,0.160000,0.160000,0.160000,556500
2020-04-16,0.170000,0.180000,0.160000,0.170000,0.170000,1077600
2020-04-17,0.170000,0.180000,0.160000,0.170000,0.170000,692700
2020-04-20,0.170000,0.170000,0.160000,0.170000,0.170000,475000
2020-04-21,0.170000,0.170000,0.150000,0.160000,0.160000,1236900
2020-04-22,0.170000,0.170000,0.150000,0.170000,0.170000,563100
2020-04-23,0.170000,0.170000,0.160000,0.160000,0.160000,1139300
2020-04-24,0.160000,0.170000,0.160000,0.170000,0.170000,425000
2020-04-27,0.170000,0.180000,0.160000,0.180000,0.180000,1193000
2020-04-28,0.180000,0.220000,0.180000,0.220000,0.220000,2151500
2020-04-29,0.220000,0.260000,0.220000,0.230000,0.230000,1542200
2020-04-30,0.220000,0.240000,0.210000,0.230000,0.230000,533500
2020-05-01,0.230000,0.240000,0.220000,0.240000,0.240000,333500
2020-05-04,0.240000,0.250000,0.210000,0.230000,0.230000,351800
2020-05-05,0.220000,0.250000,0.220000,0.220000,0.220000,767200
2020-05-06,0.230000,0.260000,0.210000,0.220000,0.220000,890300
2020-05-07,0.200000,0.220000,0.200000,0.210000,0.210000,438500
2020-05-08,0.210000,0.220000,0.210000,0.210000,0.210000,265400
2020-05-11,0.210000,0.220000,0.200000,0.210000,0.210000,513900
2020-05-12,0.210000,0.210000,0.200000,0.200000,0.200000,477000
2020-05-13,0.200000,0.220000,0.200000,0.220000,0.220000,443200
2020-05-14,0.210000,0.220000,0.200000,0.220000,0.220000,381000
2020-05-15,0.220000,0.220000,0.200000,0.210000,0.210000,520300
2020-05-18,0.220000,0.230000,0.200000,0.220000,0.220000,2068400
2020-05-19,0.230000,0.230000,0.210000,0.230000,0.230000,1291900
2020-05-20,0.220000,0.230000,0.210000,0.230000,0.230000,833000
2020-05-21,0.220000,0.220000,0.210000,0.210000,0.210000,569300
2020-05-22,0.200000,0.220000,0.180000,0.200000,0.200000,1534500
2020-05-26,0.190000,0.200000,0.190000,0.200000,0.200000,291400
2020-05-27,0.190000,0.200000,0.190000,0.190000,0.190000,298200
2020-05-28,0.190000,0.190000,0.180000,0.190000,0.190000,475000
2020-05-29,0.190000,0.190000,0.180000,0.190000,0.190000,145400
2020-06-01,0.190000,0.190000,0.180000,0.190000,0.190000,165600
2020-06-02,0.190000,0.200000,0.190000,0.190000,0.190000,195000
2020-06-03,0.200000,0.210000,0.190000,0.190000,0.190000,600700
2020-06-04,0.200000,0.200000,0.190000,0.200000,0.200000,382200
2020-06-05,0.190000,0.200000,0.180000,0.190000,0.190000,700000
2020-06-08,0.190000,0.210000,0.180000,0.180000,0.180000,766900
2020-06-09,0.180000,0.200000,0.170000,0.200000,0.200000,603900
2020-06-10,0.200000,0.210000,0.190000,0.200000,0.200000,262300
2020-06-11,0.200000,0.210000,0.180000,0.200000,0.200000,450200
2020-06-12,0.190000,0.210000,0.190000,0.190000,0.190000,176900
2020-06-15,0.200000,0.500000,0.190000,0.480000,0.480000,12122100
2020-06-16,0.710000,0.860000,0.370000,0.420000,0.420000,25503100
2020-06-17,0.450000,0.470000,0.400000,0.460000,0.460000,2878500
2020-06-18,0.470000,0.590000,0.460000,0.530000,0.530000,3911900
2020-06-19,0.540000,0.590000,0.510000,0.520000,0.520000,3274100
2020-06-22,0.550000,0.560000,0.410000,0.470000,0.470000,2928000
2020-06-23,0.440000,0.450000,0.400000,0.410000,0.410000,2020000
2020-06-24,0.420000,0.420000,0.350000,0.390000,0.390000,1735200
2020-06-25,0.390000,0.450000,0.370000,0.440000,0.440000,1266300
2020-06-26,0.450000,0.480000,0.440000,0.450000,0.450000,915500
2020-06-29,0.460000,0.540000,0.460000,0.520000,0.520000,1935200
2020-06-30,0.590000,0.590000,0.510000,0.570000,0.570000,1506000
2020-07-01,0.560000,0.740000,0.560000,0.720000,0.720000,5107400
2020-07-02,0.700000,0.750000,0.620000,0.720000,0.720000,5017700
2020-07-06,0.730000,0.860000,0.720000,0.750000,0.750000,6742000
2020-07-07,0.750000,0.840000,0.750000,0.810000,0.810000,3549000
2020-07-08,0.830000,0.900000,0.760000,0.800000,0.800000,5587200
2020-07-09,0.810000,0.840000,0.650000,0.670000,0.670000,5701800
2020-07-10,0.690000,0.750000,0.670000,0.710000,0.710000,2793900
2020-07-13,0.740000,0.780000,0.680000,0.690000,0.690000,2112200
2020-07-14,0.690000,0.720000,0.560000,0.630000,0.630000,3306700
2020-07-15,0.680000,0.750000,0.640000,0.690000,0.690000,1765600
2020-07-16,0.710000,0.740000,0.680000,0.730000,0.730000,1113400
2020-07-17,0.740000,0.850000,0.730000,0.840000,0.840000,2989300
2020-07-20,0.880000,0.890000,0.760000,0.790000,0.790000,4062100
2020-07-21,0.810000,0.850000,0.700000,0.750000,0.750000,2785700
2020-07-22,0.740000,0.800000,0.740000,0.780000,0.780000,1341400
2020-07-23,0.780000,0.800000,0.770000,0.790000,0.790000,1179300
2020-07-24,0.800000,0.800000,0.780000,0.800000,0.800000,1262300
2020-07-27,0.810000,0.830000,0.740000,0.800000,0.800000,2406100
2020-07-28,0.780000,0.820000,0.690000,0.710000,0.710000,2659200
2020-07-29,0.730000,0.740000,0.660000,0.730000,0.730000,1316500
2020-07-30,0.730000,0.750000,0.690000,0.700000,0.700000,1027100
2020-07-31,0.710000,0.750000,0.690000,0.720000,0.720000,792200
2020-08-03,0.810000,0.810000,0.720000,0.730000,0.730000,1345400
2020-08-04,0.740000,0.750000,0.700000,0.740000,0.740000,986900
2020-08-05,0.700000,0.740000,0.700000,0.730000,0.730000,764300
2020-08-06,0.720000,0.740000,0.700000,0.710000,0.710000,949300
2020-08-07,0.650000,0.740000,0.650000,0.720000,0.720000,1769200
2020-08-10,0.720000,0.720000,0.680000,0.700000,0.700000,1260400
2020-08-11,0.740000,0.740000,0.510000,0.560000,0.560000,7336000
2020-08-12,0.570000,0.580000,0.420000,0.490000,0.490000,6264700
2020-08-13,0.500000,0.530000,0.450000,0.530000,0.530000,2117100
2020-08-14,0.560000,0.570000,0.540000,0.560000,0.560000,3356000
2020-08-17,0.550000,0.570000,0.540000,0.540000,0.540000,1056100
2020-08-18,0.560000,0.560000,0.480000,0.520000,0.520000,748900
2020-08-19,0.500000,0.530000,0.480000,0.490000,0.490000,698500
2020-08-20,0.520000,0.540000,0.490000,0.520000,0.520000,825900
2020-08-21,0.540000,0.540000,0.500000,0.520000,0.520000,688300
2020-08-24,0.490000,0.550000,0.490000,0.520000,0.520000,812900
2020-08-25,0.520000,0.540000,0.510000,0.530000,0.530000,401200
2020-08-26,0.550000,0.550000,0.510000,0.520000,0.520000,440300
2020-08-27,0.500000,0.540000,0.500000,0.520000,0.520000,604800
2020-08-28,0.500000,0.530000,0.500000,0.500000,0.500000,634000
2020-08-31,0.510000,0.520000,0.500000,0.520000,0.520000,551800
2020-09-01,0.510000,0.520000,0.500000,0.500000,0.500000,473400
2020-09-02,0.500000,0.520000,0.500000,0.500000,0.500000,735400
2020-09-03,0.500000,0.500000,0.480000,0.480000,0.480000,545600
2020-09-04,0.490000,0.490000,0.430000,0.450000,0.450000,1521100
2020-09-08,0.450000,0.510000,0.450000,0.460000,0.460000,375600
2020-09-09,0.450000,0.460000,0.450000,0.450000,0.450000,182400
2020-09-10,0.440000,0.480000,0.440000,0.460000,0.460000,318500
2020-09-11,0.460000,0.480000,0.450000,0.450000,0.450000,425700
2020-09-14,0.470000,0.470000,0.440000,0.450000,0.450000,431200
2020-09-15,0.470000,0.480000,0.440000,0.460000,0.460000,445100
2020-09-16,0.440000,0.470000,0.440000,0.450000,0.450000,471000
2020-09-17,0.450000,0.470000,0.450000,0.460000,0.460000,233100
2020-09-18,0.480000,0.480000,0.450000,0.450000,0.450000,184300
2020-09-21,0.450000,0.470000,0.450000,0.470000,0.470000,355300
2020-09-22,0.460000,0.470000,0.450000,0.460000,0.460000,213200
2020-09-23,0.460000,0.470000,0.450000,0.460000,0.460000,239200
2020-09-24,0.450000,0.470000,0.450000,0.460000,0.460000,372300
2020-09-25,0.460000,0.550000,0.450000,0.550000,0.550000,1388500
2020-09-28,0.580000,0.650000,0.540000,0.640000,0.640000,1671800
2020-09-29,0.650000,0.700000,0.560000,0.700000,0.700000,1240200
2020-09-30,0.690000,0.750000,0.640000,0.660000,0.660000,1681000
2020-10-01,0.660000,0.670000,0.600000,0.630000,0.630000,794000
2020-10-02,0.670000,0.670000,0.610000,0.650000,0.650000,812800
2020-10-05,0.640000,0.680000,0.630000,0.660000,0.660000,325400
2020-10-06,0.650000,0.670000,0.650000,0.670000,0.670000,178300
2020-10-07,0.650000,0.700000,0.650000,0.690000,0.690000,646600
2020-10-08,0.670000,0.700000,0.670000,0.680000,0.680000,299100
2020-10-09,0.680000,0.700000,0.670000,0.690000,0.690000,260000
2020-10-12,0.700000,0.720000,0.670000,0.720000,0.720000,433300
2020-10-13,0.720000,0.800000,0.700000,0.790000,0.790000,2303400
2020-10-14,0.740000,0.800000,0.740000,0.770000,0.770000,904200
2020-10-15,0.770000,0.770000,0.720000,0.740000,0.740000,612600
2020-10-16,0.740000,0.740000,0.680000,0.700000,0.700000,585800
2020-10-19,0.700000,0.720000,0.690000,0.700000,0.700000,402200
2020-10-20,0.710000,0.740000,0.690000,0.720000,0.720000,567500
2020-10-21,0.700000,0.720000,0.680000,0.700000,0.700000,470900
2020-10-22,0.700000,0.710000,0.670000,0.690000,0.690000,256400
2020-10-23,0.690000,0.700000,0.650000,0.670000,0.670000,328900
2020-10-26,0.670000,0.670000,0.620000,0.630000,0.630000,815300
2020-10-27,0.640000,0.700000,0.620000,0.670000,0.670000,120800
2020-10-28,0.690000,0.690000,0.630000,0.650000,0.650000,284900
2020-10-29,0.650000,0.680000,0.640000,0.650000,0.650000,144300
2020-10-30,0.610000,0.670000,0.610000,0.640000,0.640000,243000
2020-11-02,0.640000,0.640000,0.630000,0.630000,0.630000,223900
2020-11-03,0.640000,0.640000,0.620000,0.620000,0.620000,315800
2020-11-04,0.630000,0.670000,0.630000,0.630000,0.630000,208000
2020-11-05,0.640000,0.650000,0.620000,0.640000,0.640000,174400
2020-11-06,0.660000,0.670000,0.630000,0.640000,0.640000,444800
2020-11-09,0.670000,0.720000,0.630000,0.710000,0.710000,674100
2020-11-10,0.730000,0.730000,0.570000,0.650000,0.650000,1482800
2020-11-11,0.670000,0.670000,0.570000,0.610000,0.610000,424700
2020-11-12,0.610000,0.630000,0.590000,0.600000,0.600000,426600
2020-11-13,0.630000,0.630000,0.570000,0.600000,0.600000,571500
2020-11-16,0.590000,0.630000,0.580000,0.600000,0.600000,323800
2020-11-17,0.600000,0.630000,0.570000,0.570000,0.570000,417500
2020-11-18,0.570000,0.590000,0.550000,0.570000,0.570000,592200
2020-11-19,0.560000,0.590000,0.550000,0.580000,0.580000,240800
2020-11-20,0.590000,0.630000,0.580000,0.610000,0.610000,328200
2020-11-23,0.610000,0.630000,0.560000,0.590000,0.590000,595000
2020-11-24,0.580000,0.600000,0.550000,0.570000,0.570000,479600
2020-11-25,0.560000,0.580000,0.560000,0.570000,0.570000,290000
2020-11-27,0.570000,0.600000,0.570000,0.580000,0.580000,120200
2020-11-30,0.580000,0.590000,0.550000,0.580000,0.580000,483300
2020-12-01,0.580000,0.590000,0.550000,0.570000,0.570000,298800
2020-12-02,0.550000,0.580000,0.550000,0.570000,0.570000,205400
2020-12-03,0.560000,0.600000,0.560000,0.580000,0.580000,291400
2020-12-04,0.590000,0.600000,0.570000,0.590000,0.590000,289700
2020-12-07,0.600000,0.610000,0.550000,0.580000,0.580000,419900
2020-12-08,0.570000,0.580000,0.550000,0.560000,0.560000,729100
2020-12-09,0.570000,0.570000,0.540000,0.550000,0.550000,399800
2020-12-10,0.540000,0.560000,0.530000,0.540000,0.540000,397800
2020-12-11,0.540000,0.550000,0.520000,0.540000,0.540000,319700
2020-12-14,0.550000,0.550000,0.500000,0.510000,0.510000,610300
2020-12-15,0.510000,0.520000,0.490000,0.500000,0.500000,582900
2020-12-16,0.490000,0.500000,0.470000,0.490000,0.490000,752500
2020-12-17,0.480000,0.500000,0.460000,0.490000,0.490000,473400
2020-12-18,0.480000,0.500000,0.470000,0.480000,0.480000,404100
2020-12-21,0.480000,0.500000,0.470000,0.480000,0.480000,337900
2020-12-22,0.480000,0.500000,0.470000,0.490000,0.490000,393900
2020-12-23,0.510000,0.640000,0.510000,0.590000,0.590000,1204500
2020-12-24,0.630000,0.630000,0.590000,0.600000,0.600000,397600
2020-12-28,0.670000,0.680000,0.610000,0.630000,0.630000,1014300
2020-12-29,0.610000,0.650000,0.550000,0.600000,0.600000,506700
2020-12-30,0.600000,0.600000,0.580000,0.590000,0.590000,315100
2020-12-31,0.620000,0.620000,0.580000,0.600000,0.600000,538800
2021-01-04,0.620000,0.680000,0.600000,0.670000,0.670000,1324200
2021-01-05,0.650000,0.720000,0.650000,0.690000,0.690000,748600
2021-01-06,0.690000,0.700000,0.650000,0.650000,0.650000,429700
2021-01-07,0.680000,0.700000,0.650000,0.690000,0.690000,510300
2021-01-08,0.700000,0.790000,0.690000,0.780000,0.780000,2228400
2021-01-11,0.780000,0.890000,0.750000,0.880000,0.880000,2908400
2021-01-12,0.900000,0.940000,0.650000,0.770000,0.770000,3451600
2021-01-13,0.780000,0.790000,0.690000,0.720000,0.720000,1348600
2021-01-14,0.720000,0.740000,0.660000,0.690000,0.690000,899100
2021-01-15,0.700000,0.700000,0.650000,0.690000,0.690000,647900
2021-01-19,0.700000,0.740000,0.690000,0.730000,0.730000,1103700
2021-01-20,0.750000,0.850000,0.740000,0.770000,0.770000,661200
2021-01-21,0.770000,0.800000,0.730000,0.760000,0.760000,358400
2021-01-22,0.750000,0.780000,0.730000,0.770000,0.770000,486600
2021-01-25,0.780000,0.780000,0.740000,0.770000,0.770000,622300
2021-01-26,0.800000,0.800000,0.750000,0.770000,0.770000,655600
2021-01-27,0.760000,0.780000,0.750000,0.760000,0.760000,739000
2021-01-28,0.750000,0.800000,0.720000,0.780000,0.780000,716400
2021-01-29,0.780000,0.780000,0.700000,0.750000,0.750000,625700
2021-02-01,0.750000,0.780000,0.730000,0.770000,0.770000,821000
2021-02-02,0.780000,0.850000,0.770000,0.830000,0.830000,1042400
2021-02-03,0.850000,0.870000,0.820000,0.850000,0.850000,1028600
2021-02-04,0.780000,0.850000,0.750000,0.800000,0.800000,1445300
2021-02-05,0.800000,0.880000,0.780000,0.830000,0.830000,1410000
2021-02-08,0.900000,1.090000,0.890000,0.990000,0.990000,4514000
2021-02-09,0.990000,1.000000,0.900000,0.960000,0.960000,2033600
2021-02-10,0.970000,1.000000,0.850000,0.900000,0.900000,2229700
2021-02-11,0.910000,0.920000,0.830000,0.860000,0.860000,1214800
2021-02-12,0.860000,0.910000,0.840000,0.900000,0.900000,662500
2021-02-16,0.890000,1.100000,0.890000,1.080000,1.080000,3710000
2021-02-17,1.140000,1.200000,0.990000,1.200000,1.200000,3398100
2021-02-18,1.250000,1.360000,1.110000,1.240000,1.240000,3095400
2021-02-19,1.290000,1.290000,1.120000,1.240000,1.240000,1690900
2021-02-22,1.270000,1.290000,1.190000,1.280000,1.280000,1338400
2021-02-23,1.200000,1.280000,1.100000,1.160000,1.160000,1858500
2021-02-24,1.160000,1.200000,1.030000,1.090000,1.090000,1844200
2021-02-25,1.080000,1.090000,0.990000,1.000000,1.000000,1956800
2021-02-26,1.000000,1.190000,0.980000,1.180000,1.180000,1241000
2021-03-01,1.230000,1.350000,1.210000,1.220000,1.220000,2099300
2021-03-02,1.280000,1.500000,1.260000,1.500000,1.500000,2809900
2021-03-03,1.670000,2.370000,1.640000,2.350000,2.350000,10132400
2021-03-04,2.730000,2.960000,1.870000,2.210000,2.210000,11669900
2021-03-05,1.910000,2.250000,1.610000,1.880000,1.880000,5477900
2021-03-08,1.860000,1.950000,1.700000,1.820000,1.820000,2148800
2021-03-09,1.750000,1.760000,1.480000,1.660000,1.660000,3152900
2021-03-10,1.740000,1.960000,1.570000,1.880000,1.880000,2111500
2021-03-11,1.920000,1.980000,1.820000,1.860000,1.860000,1168700
2021-03-12,1.810000,1.860000,1.730000,1.800000,1.800000,1195500
2021-03-15,1.820000,1.940000,1.660000,1.790000,1.790000,2419400
2021-03-16,1.940000,2.100000,1.840000,1.920000,1.920000,1428800
2021-03-17,1.950000,2.040000,1.880000,1.980000,1.980000,713800
2021-03-18,1.980000,2.020000,1.820000,1.860000,1.860000,1150400
2021-03-19,1.900000,1.960000,1.860000,1.910000,1.910000,483800
2021-03-22,1.920000,1.950000,1.870000,1.920000,1.920000,444200
2021-03-23,1.920000,1.940000,1.870000,1.890000,1.890000,378000
2021-03-24,1.880000,1.930000,1.700000,1.800000,1.800000,1251200
2021-03-25,1.780000,1.930000,1.660000,1.850000,1.850000,817700
2021-03-26,1.960000,1.960000,1.750000,1.850000,1.850000,617700
2021-03-29,1.850000,1.920000,1.710000,1.800000,1.800000,584200
2021-03-30,1.810000,1.850000,1.700000,1.750000,1.750000,627900
2021-03-31,1.800000,1.830000,1.710000,1.740000,1.740000,676600
2021-04-01,1.750000,1.790000,1.630000,1.670000,1.670000,1003300
2021-04-05,1.730000,1.750000,1.650000,1.700000,1.700000,446000
2021-04-06,2.610000,3.050000,2.510000,2.970000,2.970000,12688200
2021-04-07,2.930000,2.940000,2.420000,2.550000,2.550000,7109700
2021-04-08,2.140000,2.150000,1.910000,2.020000,2.020000,4529200
2021-04-09,2.090000,2.240000,1.960000,2.200000,2.200000,1963500
2021-04-12,2.380000,2.500000,2.150000,2.250000,2.250000,1249800
2021-04-13,2.230000,2.320000,2.150000,2.220000,2.220000,640400
2021-04-14,2.210000,2.250000,2.120000,2.200000,2.200000,572900
2021-04-15,2.200000,2.220000,2.100000,2.170000,2.170000,472600
2021-04-16,2.190000,2.190000,2.100000,2.150000,2.150000,634500
2021-04-19,2.190000,2.270000,2.150000,2.220000,2.220000,699500
2021-04-20,2.240000,2.280000,2.190000,2.230000,2.230000,648700
2021-04-21,2.260000,2.310000,2.240000,2.270000,2.270000,462000
2021-04-22,2.260000,2.300000,2.200000,2.250000,2.250000,520900
2021-04-23,2.280000,2.290000,2.210000,2.220000,2.220000,513700
2021-04-26,2.210000,2.250000,2.170000,2.230000,2.230000,598700
2021-04-27,2.240000,2.260000,2.180000,2.240000,2.240000,461700
2021-04-28,2.270000,2.270000,2.190000,2.200000,2.200000,389300
2021-04-29,2.270000,2.270000,2.160000,2.180000,2.180000,716700
2021-04-30,2.200000,2.200000,2.110000,2.190000,2.190000,503000
2021-05-03,2.160000,2.210000,2.150000,2.180000,2.180000,615500
2021-05-04,2.190000,2.250000,2.150000,2.170000,2.170000,572500
2021-05-05,2.200000,2.240000,2.160000,2.170000,2.170000,242900
2021-05-06,2.150000,2.210000,2.150000,2.160000,2.160000,490500
2021-05-07,2.170000,2.200000,2.150000,2.170000,2.170000,393700
2021-05-10,2.150000,2.200000,2.150000,2.200000,2.200000,582600
2021-05-11,2.170000,2.220000,2.110000,2.190000,2.190000,720200
2021-05-12,2.240000,2.240000,1.730000,1.920000,1.920000,1917300
2021-05-13,1.970000,2.080000,1.940000,1.990000,1.990000,822400
2021-05-14,1.980000,2.000000,1.890000,1.980000,1.980000,738200
2021-05-17,1.980000,1.990000,1.900000,1.930000,1.930000,513700
2021-05-18,1.950000,2.440000,1.920000,2.260000,2.260000,1091100
2021-05-19,2.240000,2.250000,2.060000,2.150000,2.150000,486100
2021-05-20,2.130000,2.250000,2.130000,2.200000,2.200000,474200
2021-05-21,2.150000,2.230000,2.140000,2.190000,2.190000,382700
2021-05-24,2.190000,2.220000,2.090000,2.110000,2.110000,377500
2021-05-25,2.050000,2.170000,2.050000,2.150000,2.150000,293800
2021-05-26,2.160000,2.160000,2.050000,2.090000,2.090000,590700
2021-05-27,2.140000,2.140000,2.050000,2.120000,2.120000,352400
2021-05-28,2.140000,2.140000,2.040000,2.100000,2.100000,392700
2021-06-01,2.140000,2.140000,2.040000,2.050000,2.050000,386900
2021-06-02,2.090000,2.100000,2.000000,2.060000,2.060000,558200
2021-06-03,2.040000,2.070000,1.970000,1.980000,1.980000,593000
2021-06-04,2.000000,2.070000,1.950000,2.060000,2.060000,307300
2021-06-07,2.060000,2.100000,2.030000,2.070000,2.070000,334500
2021-06-08,2.080000,2.140000,2.070000,2.120000,2.120000,332800
2021-06-09,2.120000,2.200000,2.060000,2.110000,2.110000,586100
2021-06-10,2.110000,2.190000,2.100000,2.170000,2.170000,339600
2021-06-11,2.150000,2.190000,2.120000,2.190000,2.190000,318100
2021-06-14,2.190000,2.200000,2.150000,2.170000,2.170000,310000
2021-06-15,2.180000,2.190000,2.120000,2.150000,2.150000,296200
2021-06-16,2.150000,2.190000,2.070000,2.160000,2.160000,359700
2021-06-17,2.160000,2.160000,2.050000,2.120000,2.120000,395200
2021-06-18,2.140000,2.150000,2.050000,2.140000,2.140000,450100
2021-06-21,2.130000,2.170000,2.100000,2.120000,2.120000,372800
2021-06-22,2.110000,2.150000,2.070000,2.110000,2.110000,344200
2021-06-23,2.120000,2.160000,2.110000,2.150000,2.150000,274200
2021-06-24,2.140000,2.180000,2.130000,2.150000,2.150000,590900
2021-06-25,2.150000,2.600000,2.150000,2.590000,2.590000,1075400
2021-06-28,3.070000,3.190000,2.760000,2.940000,2.940000,4634200
2021-06-29,2.970000,3.280000,2.890000,3.260000,3.260000,1637500
2021-06-30,3.360000,3.820000,3.330000,3.800000,3.800000,4394500
2021-07-01,3.900000,4.000000,3.820000,3.900000,3.900000,3813800
2021-07-02,4.110000,4.980000,4.020000,4.780000,4.780000,5698400
2021-07-06,5.510000,5.850000,4.890000,4.970000,4.970000,8346400
2021-07-07,4.980000,5.500000,4.250000,5.380000,5.380000,4169500
2021-07-08,5.400000,5.900000,5.390000,5.770000,5.770000,3377600
2021-07-09,5.890000,6.020000,5.700000,5.980000,5.980000,3539800
2021-07-12,6.290000,6.920000,6.040000,6.840000,6.840000,4963900
2021-07-13,7.020000,7.200000,6.350000,6.940000,6.940000,4697000
2021-07-14,6.420000,6.900000,6.200000,6.710000,6.710000,2411300
2021-07-15,6.800000,7.310000,6.790000,7.300000,7.300000,2812300
2021-07-16,7.300000,7.850000,7.300000,7.550000,7.550000,2911900
2021-07-19,7.640000,8.110000,7.450000,8.110000,8.110000,3083200
2021-07-20,8.850000,9.980000,8.630000,8.830000,8.830000,7806300
2021-07-21,9.580000,9.920000,8.830000,9.750000,9.750000,4544900
2021-07-22,9.890000,10.200000,9.250000,9.390000,9.390000,3772500
2021-07-23,9.400000,9.650000,6.310000,7.920000,7.920000,12096700
2021-07-26,8.170000,8.860000,8.010000,8.310000,8.310000,2476200
2021-07-27,8.270000,8.270000,7.350000,7.930000,7.930000,2164100
2021-07-28,8.310000,8.550000,8.020000,8.210000,8.210000,1325600
2021-07-29,8.450000,8.450000,8.040000,8.370000,8.370000,895400
2021-07-30,8.200000,8.380000,8.070000,8.370000,8.370000,901300
2021-08-02,8.400000,8.940000,8.380000,8.600000,8.600000,1512700
2021-08-03,8.010000,8.510000,7.290000,8.220000,8.220000,2527000
2021-08-04,8.400000,8.470000,7.820000,8.140000,8.140000,1014100
2021-08-05,7.710000,8.010000,7.540000,7.770000,7.770000,1537000
2021-08-06,7.810000,7.810000,7.030000,7.040000,7.040000,1738400
2021-08-09,6.720000,6.730000,5.100000,5.700000,5.700000,7202900
2021-08-10,5.850000,6.480000,5.410000,6.450000,6.450000,2484000
2021-08-11,6.790000,6.990000,6.450000,6.990000,6.990000,944400
2021-08-12,6.950000,6.990000,6.310000,6.760000,6.760000,1062100
2021-08-13,6.510000,6.900000,6.510000,6.730000,6.730000,467500
2021-08-16,6.610000,6.630000,6.110000,6.340000,6.340000,811600
2021-08-17,6.070000,6.460000,6.070000,6.260000,6.260000,753900
2021-08-18,6.270000,7.240000,6.260000,7.160000,7.160000,1529100
2021-08-19,7.250000,7.990000,6.850000,6.900000,6.900000,2620700
2021-08-20,6.850000,7.350000,6.550000,7.240000,7.240000,742600
2021-08-23,7.200000,7.200000,6.900000,7.090000,7.090000,805700
2021-08-24,6.990000,7.080000,6.530000,6.760000,6.760000,1048800
2021-08-25,6.690000,6.720000,6.250000,6.500000,6.500000,879400
2021-08-26,6.430000,6.770000,6.350000,6.490000,6.490000,530200
2021-08-27,6.470000,6.500000,6.210000,6.260000,6.260000,650500
2021-08-30,6.200000,6.900000,5.800000,6.600000,6.600000,1270800
2021-08-31,6.670000,6.750000,6.280000,6.430000,6.430000,274500
2021-09-01,6.150000,6.590000,6.150000,6.420000,6.420000,288100
2021-09-02,6.340000,6.760000,6.200000,6.430000,6.430000,416500
2021-09-03,6.420000,6.420000,6.160000,6.270000,6.270000,386100
2021-09-07,6.130000,6.500000,5.950000,6.020000,6.020000,760700
2021-09-08,6.000000,6.000000,5.450000,5.560000,5.560000,1428600
2021-09-09,5.270000,5.380000,4.810000,4.820000,4.820000,3425400
2021-09-10,4.740000,5.330000,4.270000,5.240000,5.240000,4838000
2021-09-13,5.350000,5.580000,4.960000,5.020000,5.020000,1311100
2021-09-14,4.900000,4.980000,4.520000,4.750000,4.750000,1423300
2021-09-15,4.840000,5.000000,4.520000,4.830000,4.830000,840000
2021-09-16,5.130000,5.140000,4.870000,4.960000,4.960000,441300
2021-09-17,4.930000,5.000000,4.710000,5.000000,5.000000,547400
2021-09-20,4.570000,4.980000,4.570000,4.820000,4.820000,556800
2021-09-21,4.790000,5.100000,4.760000,5.090000,5.090000,592400
2021-09-22,5.540000,5.880000,5.250000,5.680000,5.680000,824400
2021-09-23,5.890000,6.250000,5.710000,6.140000,6.140000,1058000
2021-09-24,6.150000,6.420000,6.150000,6.250000,6.250000,611900
2021-09-27,6.150000,6.200000,5.800000,5.950000,5.950000,456400
2021-09-28,5.850000,5.990000,5.250000,5.540000,5.540000,891700
2021-09-29,5.550000,5.950000,5.310000,5.750000,5.750000,495800
2021-09-30,5.570000,5.840000,5.550000,5.610000,5.610000,227400
2021-10-01,5.600000,5.900000,5.510000,5.840000,5.840000,362700
2021-10-04,5.810000,6.140000,5.710000,5.860000,5.860000,578800
2021-10-05,6.120000,6.120000,5.620000,5.690000,5.690000,467200
2021-10-06,5.680000,5.850000,5.630000,5.720000,5.720000,185000
2021-10-07,5.860000,5.930000,5.470000,5.730000,5.730000,258400
2021-10-08,5.630000,5.780000,5.620000,5.710000,5.710000,221100
2021-10-11,5.700000,5.830000,5.660000,5.700000,5.700000,203200
2021-10-12,5.630000,5.720000,5.500000,5.550000,5.550000,466600
2021-10-13,5.520000,5.650000,5.500000,5.540000,5.540000,244900
2021-10-14,5.560000,5.750000,5.500000,5.550000,5.550000,223100
2021-10-15,5.750000,6.090000,5.600000,5.910000,5.910000,534800
2021-10-18,6.100000,6.510000,6.050000,6.360000,6.360000,921600
2021-10-19,6.490000,6.490000,6.070000,6.190000,6.190000,782400
2021-10-20,6.240000,6.240000,5.980000,6.170000,6.170000,213300
2021-10-21,6.180000,6.510000,6.170000,6.490000,6.490000,396200
2021-10-22,6.650000,6.890000,6.110000,6.270000,6.270000,878400
2021-10-25,6.260000,8.000000,6.140000,7.500000,7.500000,3113300
2021-10-26,7.900000,8.000000,7.510000,7.650000,7.650000,1255500
2021-10-27,7.660000,7.700000,7.260000,7.360000,7.360000,598800
2021-10-28,7.370000,7.600000,7.320000,7.490000,7.490000,469700
2021-10-29,7.700000,7.900000,7.450000,7.900000,7.900000,546100
2021-11-01,7.970000,8.400000,7.900000,7.940000,7.940000,1161700
2021-11-02,7.900000,7.910000,6.750000,7.080000,7.080000,1955800
2021-11-03,6.990000,7.050000,6.770000,6.910000,6.910000,705700
2021-11-04,6.990000,7.280000,6.910000,7.130000,7.130000,471100
2021-11-05,7.200000,7.200000,6.940000,7.160000,7.160000,470300
2021-11-08,7.290000,8.000000,7.280000,7.890000,7.890000,1608500
2021-11-09,8.100000,8.230000,6.560000,6.770000,6.770000,2421900
2021-11-10,6.640000,7.090000,6.500000,6.840000,6.840000,1554300
2021-11-11,6.860000,7.030000,6.810000,6.840000,6.840000,413600
2021-11-12,6.980000,7.000000,6.670000,6.940000,6.940000,639900
2021-11-15,7.000000,7.090000,6.860000,7.030000,7.030000,440800
2021-11-16,7.040000,7.330000,6.900000,7.320000,7.320000,508700
2021-11-17,7.670000,7.670000,7.070000,7.080000,7.080000,399300
2021-11-18,7.200000,7.390000,7.010000,7.300000,7.300000,477600
2021-11-19,7.310000,7.550000,7.250000,7.520000,7.520000,471000
2021-11-22,7.560000,7.690000,7.340000,7.400000,7.400000,400300
2021-11-23,7.420000,7.450000,6.920000,7.240000,7.240000,565000
2021-11-24,7.430000,7.480000,7.140000,7.290000,7.290000,254900
2021-11-26,7.050000,7.200000,6.900000,7.200000,7.200000,232700
2021-11-29,7.210000,7.400000,7.020000,7.110000,7.110000,501000
2021-11-30,7.070000,7.280000,6.950000,7.090000,7.090000,441700
2021-12-01,7.110000,7.190000,6.970000,7.030000,7.030000,448500
2021-12-02,7.000000,7.040000,6.350000,6.920000,6.920000,1164800
2021-12-03,7.040000,7.150000,6.500000,6.710000,6.710000,741000
2021-12-06,5.790000,5.890000,4.670000,5.600000,5.600000,3980200
2021-12-07,5.650000,5.800000,5.510000,5.590000,5.590000,798600
2021-12-08,5.570000,5.570000,4.960000,5.030000,5.030000,947100
2021-12-09,4.760000,5.800000,4.760000,5.690000,5.690000,1453100
2021-12-10,5.680000,5.680000,5.250000,5.530000,5.530000,230400
2021-12-13,5.510000,5.750000,5.260000,5.410000,5.410000,451000
2021-12-14,5.220000,5.480000,5.050000,5.140000,5.140000,657600
2021-12-15,5.300000,5.300000,5.000000,5.170000,5.170000,392800
2021-12-16,5.100000,5.420000,5.030000,5.200000,5.200000,255900
2021-12-17,5.330000,5.650000,5.100000,5.550000,5.550000,558400
2021-12-20,5.700000,5.780000,5.550000,5.700000,5.700000,805800
2021-12-21,5.840000,6.500000,5.760000,6.300000,6.300000,1087400
2021-12-22,6.470000,6.860000,6.380000,6.580000,6.580000,762200
2021-12-23,6.600000,6.790000,6.500000,6.590000,6.590000,356900
2021-12-27,6.630000,6.940000,6.510000,6.570000,6.570000,553000
2021-12-28,6.650000,6.800000,6.110000,6.160000,6.160000,595500
2021-12-29,6.200000,6.310000,5.950000,6.130000,6.130000,409100
2021-12-30,6.250000,6.410000,6.010000,6.210000,6.210000,208600
2021-12-31,6.250000,6.590000,6.210000,6.450000,6.450000,349900
2022-01-03,6.610000,6.800000,6.600000,6.740000,6.740000,347800
2022-01-04,6.760000,6.950000,6.640000,6.730000,6.730000,548300
2022-01-05,6.810000,6.890000,6.010000,6.280000,6.280000,603200
2022-01-06,6.390000,6.400000,5.760000,6.010000,6.010000,587900
2022-01-07,6.150000,6.430000,5.960000,6.050000,6.050000,473800
2022-01-10,6.640000,6.890000,6.300000,6.630000,6.630000,1969000
2022-01-11,6.850000,6.900000,6.500000,6.600000,6.600000,1099400
2022-01-12,6.580000,6.590000,6.000000,6.160000,6.160000,1665400
2022-01-13,6.400000,6.400000,6.100000,6.230000,6.230000,374000
2022-01-14,6.270000,6.350000,6.110000,6.280000,6.280000,321900
2022-01-18,6.350000,6.400000,5.660000,5.840000,5.840000,991800
2022-01-19,5.260000,5.360000,4.250000,5.010000,5.010000,2746300
2022-01-20,5.010000,5.200000,4.620000,4.850000,4.850000,881300
2022-01-21,4.800000,4.910000,4.220000,4.410000,4.410000,1684800
2022-01-24,4.080000,4.100000,3.510000,3.660000,3.660000,2884000
2022-01-25,3.600000,3.750000,3.250000,3.370000,3.370000,1948200
2022-01-26,3.960000,5.180000,3.860000,4.760000,4.760000,2724200
2022-01-27,4.820000,5.400000,4.550000,4.980000,4.980000,1196000
2022-01-28,5.020000,5.150000,4.830000,5.060000,5.060000,510300
2022-01-31,5.070000,5.180000,4.910000,5.090000,5.090000,342000
2022-02-01,5.200000,5.390000,5.060000,5.350000,5.350000,365200
2022-02-02,5.480000,5.480000,5.230000,5.350000,5.350000,280100
2022-02-03,5.240000,5.300000,4.950000,5.040000,5.040000,478500
2022-02-04,4.990000,5.150000,4.900000,5.100000,5.100000,261600
2022-02-07,5.040000,5.180000,4.920000,4.950000,4.950000,259300
2022-02-08,4.930000,5.010000,4.160000,4.480000,4.480000,1211100
2022-02-09,4.490000,4.820000,4.410000,4.440000,4.440000,391100
2022-02-10,4.490000,4.650000,4.270000,4.530000,4.530000,640700
2022-02-11,4.720000,4.990000,4.500000,4.600000,4.600000,395100
2022-02-14,4.600000,4.600000,4.210000,4.350000,4.350000,611100
2022-02-15,4.320000,4.500000,4.260000,4.420000,4.420000,261900
2022-02-16,4.900000,5.250000,4.850000,4.850000,4.850000,1183000
2022-02-17,4.970000,4.970000,4.520000,4.650000,4.650000,305100
2022-02-18,4.700000,4.750000,4.360000,4.430000,4.430000,409300
2022-02-22,4.500000,4.900000,4.250000,4.670000,4.670000,637200
2022-02-23,4.600000,4.790000,4.510000,4.710000,4.710000,217000
2022-02-24,4.450000,4.800000,4.200000,4.740000,4.740000,681700
2022-02-25,4.760000,4.880000,4.450000,4.820000,4.820000,529300
2022-02-28,4.880000,5.140000,4.760000,4.950000,4.950000,457000
2022-03-01,5.120000,5.700000,5.120000,5.440000,5.440000,905800
2022-03-02,5.430000,5.600000,5.360000,5.530000,5.530000,512100
2022-03-03,5.550000,5.820000,5.080000,5.250000,5.250000,660400
2022-03-04,5.400000,5.400000,4.830000,4.980000,4.980000,628200
2022-03-07,4.720000,4.860000,4.500000,4.690000,4.690000,450900
2022-03-08,4.570000,4.950000,4.510000,4.950000,4.950000,537100
2022-03-09,4.800000,5.430000,4.680000,5.080000,5.080000,343900
2022-03-10,4.900000,5.290000,4.900000,5.020000,5.020000,229700
2022-03-11,4.990000,5.300000,4.960000,4.990000,4.990000,247900
2022-03-14,5.100000,5.150000,4.420000,4.800000,4.800000,462700
2022-03-15,4.640000,5.240000,4.560000,5.130000,5.130000,453600
2022-03-16,5.190000,5.220000,4.890000,4.960000,4.960000,305500
2022-03-17,4.950000,5.110000,4.940000,5.030000,5.030000,230600
2022-03-18,4.950000,5.100000,4.950000,5.000000,5.000000,275800
2022-03-21,5.000000,5.230000,4.960000,5.110000,5.110000,310900
2022-03-22,5.200000,5.250000,5.030000,5.230000,5.230000,249200
2022-03-23,5.240000,5.340000,5.230000,5.260000,5.260000,165700
2022-03-24,5.250000,5.600000,5.160000,5.550000,5.550000,360700
2022-03-25,5.800000,5.800000,5.500000,5.550000,5.550000,404200
2022-03-28,5.640000,5.690000,5.030000,5.430000,5.430000,283500
2022-03-29,5.440000,5.480000,5.250000,5.400000,5.400000,178300
2022-03-30,5.340000,5.450000,5.210000,5.340000,5.340000,161600
2022-03-31,5.300000,5.450000,5.260000,5.420000,5.420000,165600
2022-04-01,5.440000,5.510000,5.320000,5.420000,5.420000,170200
2022-04-04,5.430000,5.610000,5.320000,5.500000,5.500000,354500
2022-04-05,5.650000,5.690000,5.250000,5.480000,5.480000,358900
2022-04-06,5.380000,5.420000,5.230000,5.300000,5.300000,218700
2022-04-07,5.290000,5.290000,5.000000,5.090000,5.090000,311100
2022-04-08,5.090000,5.090000,4.860000,4.950000,4.950000,305800
2022-04-11,4.960000,5.060000,4.910000,4.960000,4.960000,202700
2022-04-12,4.920000,5.230000,4.920000,5.010000,5.010000,244700
2022-04-13,5.010000,5.100000,4.970000,5.010000,5.010000,147900
2022-04-14,4.900000,5.070000,4.860000,4.860000,4.860000,193900
2022-04-18,4.860000,4.920000,4.530000,4.580000,4.580000,448200
2022-04-19,4.530000,4.750000,4.310000,4.590000,4.590000,269900
2022-04-20,4.560000,4.820000,4.500000,4.590000,4.590000,166300
2022-04-21,4.600000,4.750000,4.210000,4.220000,4.220000,462400
2022-04-22,4.230000,4.470000,4.120000,4.290000,4.290000,351900
2022-04-25,4.250000,4.400000,4.180000,4.290000,4.290000,245500
2022-04-26,4.280000,4.300000,4.020000,4.090000,4.090000,309500
2022-04-27,4.160000,4.400000,4.100000,4.100000,4.100000,428700
2022-04-28,4.050000,4.200000,3.980000,4.200000,4.200000,525800
2022-04-29,4.410000,4.420000,4.150000,4.420000,4.420000,429500
2022-05-02,4.470000,4.750000,3.970000,4.090000,4.090000,940500
2022-05-03,4.060000,4.100000,3.800000,3.920000,3.920000,510600
2022-05-04,3.870000,4.100000,3.860000,4.100000,4.100000,215500
2022-05-05,4.150000,5.870000,3.880000,5.360000,5.360000,1570600
2022-05-06,6.240000,6.650000,5.370000,5.780000,5.780000,3887700
2022-05-09,5.800000,5.980000,5.250000,5.350000,5.350000,1069000
2022-05-10,5.400000,5.400000,4.900000,5.080000,5.080000,790400
2022-05-11,5.050000,5.390000,4.460000,4.610000,4.610000,831900
2022-05-12,4.470000,4.490000,4.090000,4.110000,4.110000,933500
2022-05-13,4.150000,4.480000,4.150000,4.400000,4.400000,540300
2022-05-16,4.690000,4.690000,4.410000,4.430000,4.430000,307700
2022-05-17,4.540000,4.610000,4.430000,4.480000,4.480000,289700
2022-05-18,4.480000,4.550000,4.260000,4.500000,4.500000,191800
2022-05-19,4.440000,4.520000,4.290000,4.430000,4.430000,234100
2022-05-20,4.500000,4.500000,4.400000,4.420000,4.420000,199200
2022-05-23,4.390000,4.390000,4.310000,4.320000,4.320000,187800
2022-05-24,4.330000,4.350000,4.150000,4.200000,4.200000,283700
2022-05-25,4.200000,4.340000,4.160000,4.210000,4.210000,264800
2022-05-26,4.300000,4.400000,4.200000,4.310000,4.310000,193900
2022-05-27,4.360000,4.600000,4.320000,4.450000,4.450000,234800
2022-05-31,4.470000,4.510000,4.410000,4.480000,4.480000,118000
2022-06-01,4.400000,4.520000,4.300000,4.300000,4.300000,109900
2022-06-02,4.300000,4.450000,4.300000,4.430000,4.430000,147400
2022-06-03,4.430000,4.750000,4.360000,4.610000,4.610000,323100
2022-06-06,4.610000,4.690000,4.400000,4.400000,4.400000,155700
2022-06-07,4.400000,4.730000,4.400000,4.400000,4.400000,130400
2022-06-08,4.400000,4.480000,4.390000,4.450000,4.450000,159700
2022-06-09,4.400000,4.450000,4.250000,4.330000,4.330000,187900
2022-06-10,4.330000,4.330000,4.110000,4.220000,4.220000,368900
2022-06-13,4.110000,4.200000,3.900000,3.900000,3.900000,452800
2022-06-14,3.900000,4.000000,3.680000,3.710000,3.710000,504900
2022-06-15,3.800000,3.890000,3.710000,3.870000,3.870000,234100
2022-06-16,3.810000,3.820000,3.510000,3.600000,3.600000,420400
2022-06-17,3.570000,3.830000,3.490000,3.520000,3.520000,473500
2022-06-21,3.990000,3.990000,3.530000,3.650000,3.650000,509200
2022-06-22,3.650000,3.750000,3.500000,3.520000,3.520000,321400
2022-06-23,3.590000,3.590000,3.450000,3.550000,3.550000,360900
2022-06-24,3.600000,3.700000,3.500000,3.540000,3.540000,243600
2022-06-27,3.580000,3.600000,3.480000,3.480000,3.480000,284800
2022-06-28,3.420000,3.550000,3.410000,3.410000,3.410000,165700
2022-06-29,3.410000,3.480000,3.030000,3.110000,3.110000,631700
2022-06-30,3.100000,3.200000,2.580000,3.200000,3.200000,1166800
2022-07-01,3.230000,3.690000,3.210000,3.290000,3.290000,407900
2022-07-05,3.440000,3.620000,3.160000,3.590000,3.590000,331500
2022-07-06,3.500000,3.920000,3.490000,3.660000,3.660000,271800
2022-07-07,3.650000,4.220000,3.650000,4.160000,4.160000,264100
2022-07-08,4.090000,4.390000,3.970000,4.200000,4.200000,222800
2022-07-11,4.150000,4.670000,4.100000,4.650000,4.650000,431500
2022-07-12,4.660000,4.870000,4.490000,4.850000,4.850000,330800
2022-07-13,4.870000,4.890000,2.750000,3.350000,3.350000,2830900
2022-07-14,3.190000,3.490000,2.930000,3.290000,3.290000,1469700
2022-07-15,3.490000,3.500000,3.250000,3.300000,3.300000,404800
2022-07-18,3.280000,3.280000,3.100000,3.130000,3.130000,600200
2022-07-19,3.110000,3.140000,3.090000,3.140000,3.140000,280900
2022-07-20,3.190000,3.350000,3.180000,3.280000,3.280000,213100
2022-07-21,3.360000,3.420000,3.280000,3.330000,3.330000,126700
2022-07-22,3.410000,3.470000,3.260000,3.300000,3.300000,176300
2022-07-25,3.290000,3.310000,3.250000,3.270000,3.270000,110700
2022-07-26,3.280000,3.330000,3.150000,3.200000,3.200000,226100
2022-07-27,3.190000,3.190000,2.980000,3.010000,3.010000,582000
2022-07-28,3.040000,3.300000,3.020000,3.250000,3.250000,200500
2022-07-29,3.260000,3.450000,3.230000,3.360000,3.360000,304600
2022-08-01,3.350000,3.500000,3.180000,3.200000,3.200000,323500
2022-08-02,3.390000,3.840000,3.250000,3.380000,3.380000,510600
2022-08-03,3.330000,3.550000,3.210000,3.440000,3.440000,222900
2022-08-04,3.440000,3.490000,3.350000,3.450000,3.450000,199600
2022-08-05,3.400000,3.460000,3.240000,3.420000,3.420000,105300
2022-08-08,3.370000,3.400000,3.230000,3.250000,3.250000,251000
2022-08-09,3.250000,3.300000,3.100000,3.140000,3.140000,241800
2022-08-10,3.090000,3.290000,3.030000,3.140000,3.140000,166800
2022-08-11,3.110000,3.180000,3.050000,3.150000,3.150000,177100
2022-08-12,3.170000,3.170000,3.050000,3.090000,3.090000,206100
2022-08-15,3.060000,3.170000,3.010000,3.050000,3.050000,231600
2022-08-16,3.050000,3.100000,2.990000,3.040000,3.040000,536100
2022-08-17,3.010000,3.030000,2.960000,3.020000,3.020000,231600
2022-08-18,2.980000,3.080000,2.970000,3.000000,3.000000,161500
2022-08-19,3.000000,3.060000,2.980000,3.000000,3.000000,192500
2022-08-22,3.020000,3.090000,2.990000,3.030000,3.030000,292700
2022-08-23,3.000000,3.080000,3.000000,3.010000,3.010000,203500
2022-08-24,3.000000,3.030000,3.000000,3.030000,3.030000,87600
2022-08-25,3.050000,3.290000,2.960000,3.190000,3.190000,388500
2022-08-26,3.170000,3.260000,3.060000,3.110000,3.110000,225500
2022-08-29,3.110000,3.150000,2.960000,3.000000,3.000000,318100
2022-08-30,3.000000,3.070000,2.970000,3.040000,3.040000,138800
2022-08-31,3.050000,3.070000,2.960000,2.990000,2.990000,205900
2022-09-01,3.000000,3.010000,2.800000,2.850000,2.850000,419900
2022-09-02,2.850000,2.960000,2.830000,2.940000,2.940000,136500
2022-09-06,2.910000,2.940000,2.830000,2.840000,2.840000,183900
2022-09-07,2.800000,2.850000,2.760000,2.780000,2.780000,388700
2022-09-08,2.750000,2.790000,2.730000,2.770000,2.770000,290900
2022-09-09,2.790000,2.850000,2.750000,2.830000,2.830000,256300
2022-09-12,3.040000,3.040000,2.870000,2.930000,2.930000,141800
2022-09-13,2.930000,3.000000,2.810000,2.820000,2.820000,196300
2022-09-14,2.820000,2.890000,2.760000,2.850000,2.850000,224600
2022-09-15,2.850000,2.850000,2.750000,2.780000,2.780000,166400
2022-09-16,2.780000,2.790000,2.620000,2.780000,2.780000,300700
2022-09-19,2.720000,2.770000,2.600000,2.680000,2.680000,333900
2022-09-20,2.700000,2.700000,2.550000,2.580000,2.580000,334700
2022-09-21,2.590000,2.700000,2.560000,2.560000,2.560000,300900
2022-09-22,2.570000,2.630000,2.560000,2.610000,2.610000,198500
2022-09-23,2.580000,2.650000,2.550000,2.610000,2.610000,285600
2022-09-26,2.570000,2.760000,2.570000,2.650000,2.650000,233800
2022-09-27,2.650000,2.680000,2.580000,2.650000,2.650000,84500
2022-09-28,2.590000,2.610000,2.570000,2.590000,2.590000,102800
2022-09-29,2.640000,2.640000,2.550000,2.570000,2.570000,139700
2022-09-30,2.520000,2.600000,2.520000,2.600000,2.600000,196500
2022-10-03,2.700000,2.740000,2.530000,2.580000,2.580000,321300
2022-10-04,2.580000,2.640000,2.560000,2.580000,2.580000,116300
2022-10-05,2.520000,2.590000,2.520000,2.560000,2.560000,174400
2022-10-06,2.560000,2.610000,2.560000,2.570000,2.570000,108900
2022-10-07,2.560000,2.620000,2.530000,2.550000,2.550000,293700
2022-10-10,2.550000,2.560000,2.450000,2.450000,2.450000,289000
2022-10-11,2.350000,2.420000,2.300000,2.320000,2.320000,311000
2022-10-12,2.300000,2.340000,2.150000,2.190000,2.190000,517200
2022-10-13,2.160000,2.210000,2.070000,2.190000,2.190000,454100
2022-10-14,2.200000,2.290000,2.100000,2.250000,2.250000,385900
2022-10-17,2.250000,2.620000,2.210000,2.620000,2.620000,562700
2022-10-18,2.670000,3.390000,2.650000,3.240000,3.240000,1280800
2022-10-19,3.240000,3.520000,2.420000,2.520000,2.520000,792100
2022-10-20,1.850000,2.180000,1.620000,2.020000,2.020000,3030600
2022-10-21,1.970000,2.170000,1.820000,2.100000,2.100000,588200
2022-10-24,2.040000,2.400000,2.040000,2.340000,2.340000,403600
2022-10-25,2.310000,2.540000,2.270000,2.530000,2.530000,264300
2022-10-26,2.500000,2.540000,2.300000,2.350000,2.350000,525800
2022-10-27,2.300000,2.300000,2.060000,2.070000,2.070000,493500
2022-10-28,2.070000,2.150000,2.050000,2.120000,2.120000,258200
2022-10-31,2.090000,2.120000,2.000000,2.030000,2.030000,279000
2022-11-01,2.080000,2.100000,1.960000,1.980000,1.980000,330300
2022-11-02,1.980000,1.980000,1.730000,1.820000,1.820000,1132900
2022-11-03,1.860000,1.870000,1.720000,1.770000,1.770000,447400
2022-11-04,1.800000,1.840000,1.710000,1.800000,1.800000,645100
2022-11-07,1.800000,1.850000,1.760000,1.820000,1.820000,430400
2022-11-08,1.820000,1.890000,1.790000,1.810000,1.810000,167300
2022-11-09,1.780000,1.880000,1.740000,1.750000,1.750000,321300
2022-11-10,1.730000,1.750000,1.610000,1.620000,1.620000,1749000
2022-11-11,1.640000,1.670000,1.300000,1.380000,1.380000,3292000
2022-11-14,1.390000,1.390000,1.040000,1.320000,1.320000,3507200
2022-11-15,1.320000,1.470000,1.210000,1.370000,1.370000,967900
2022-11-16,1.390000,1.460000,1.380000,1.420000,1.420000,445900
2022-11-17,1.420000,1.570000,1.210000,1.330000,1.330000,1128600
2022-11-18,1.390000,1.390000,1.220000,1.280000,1.280000,326700
2022-11-21,1.310000,1.330000,1.210000,1.220000,1.220000,440900
2022-11-22,1.280000,1.290000,1.220000,1.270000,1.270000,241700
2022-11-23,1.280000,1.340000,1.160000,1.240000,1.240000,682100
2022-11-25,1.240000,1.300000,1.220000,1.280000,1.280000,162200
2022-11-28,1.340000,1.350000,1.260000,1.270000,1.270000,386800
2022-11-29,1.280000,1.310000,1.250000,1.270000,1.270000,319600
2022-11-30,1.260000,1.270000,1.200000,1.220000,1.220000,444400
2022-12-01,1.230000,1.230000,1.160000,1.190000,1.190000,319800
2022-12-02,1.210000,1.210000,1.100000,1.190000,1.190000,584100
